112 119
464 733 290 19 34 984 113 82 41 42 76 96 -33 476 183 19 -1 392 23 394 759 65 123 80 64 210 237 12 15 67 128 -64 18 86 422 31 475 157 633 815 104 28 94 25 382 119 498 306 39 41 101 54 70 135 57 742 249 38 60 46 54 22 28 210 97 84 311 231 107 20 13 745 508 226 69 396 451 -7 409 29 387 165 37 689 354 954 793 31 289 -1 75 31 17 21 330 35 20 771 890 41 246 -22 418 31 44 33 25 32 412 73 377 241 140 92 349 108 182 203 19
461 784 283 18 20 984 136 82 23 38 10 206 -43 467 183 41 -3 321 23 650 759 65 122 80 64 210 229 43 15 14 133 -65 -37 83 441 82 480 206 633 814 104 28 231 341 384 145 22 306 12 21 46 12 97 135 112 791 264 60 62 177 21 293 15 167 97 148 313 231 115 35 -57 205 508 11 55 422 18 -20 410 30 387 712 37 666 329 954 793 25 300 -15 14 27 17 21 330 132 20 801 931 32 242 -25 418 33 37 39 25 32 410 76 69 16 33 101 349 430 186 203 21
460 814 274 16 -5 984 138 82 19 37 -21 419 -62 448 183 45 -22 282 23 12 759 65 105 80 64 210 224 528 15 -44 186 -66 -65 49 445 117 507 207 633 813 104 28 111 32 478 148 234 306 90 64 449 91 94 135 126 877 117 759 129 106 68 327 782 153 97 15 318 231 121 62 -65 54 508 211 50 463 17 -25 412 33 387 24 37 655 312 954 793 23 353 -31 52 18 17 21 330 514 20 812 936 315 210 -94 418 56 34 41 25 32 371 164 24 854 412 120 349 13 187 203 36
441 816 272 -84 -8 984 142 82 -44 32 -22 92 -111 446 183 54 -27 275 23 42 759 65 79 80 64 210 211 43 15 -78 189 -80 -77 43 487 120 517 208 633 801 104 28 220 125 499 158 209 306 129 84 12 299 15 135 153 879 153 153 161 669 212 84 87 134 97 46 326 231 123 184 -66 30 508 358 12 466 76 -62 448 40 387 613 37 594 284 954 793 15 370 -32 127 14 17 21 330 39 20 814 939 51 159 -99 418 310 11 45 25 32 360 166 325 48 78 142 349 45 235 203 40
426 818 270 -98 -14 984 185 82 -55 9 -30 377 -112 403 183 57 -28 218 23 201 759 65 77 80 64 210 202 141 15 -149 235 -109 -143 31 563 139 536 210 633 751 104 28 22 15 505 167 186 306 31 484 48 11 169 135 237 881 907 508 199 232 12 690 16 124 97 338 335 231 203 34 -112 43 508 23 9 478 224 -136 529 42 387 331 37 588 283 954 793 11 450 -34 225 -12 17 21 330 222 20 914 947 266 154 -106 418 11 5 47 25 32 358 169 240 23 31 159 349 709 238 203 46
336 836 246 -120 -19 984 190 82 -56 -38 -33 24 -171 353 183 58 -30 217 23 210 759 65 22 80 64 210 200 13 15 -151 251 -206 -153 18 598 200 554 214 633 737 104 28 520 336 589 232 28 306 42 723 153 133 180 135 332 933 11 21 223 12 560 349 270 91 97 538 427 231 216 110 -130 284 508 292 -3 576 14 -137 536 43 387 56 37 586 282 954 793 10 476 -36 472 -36 17 21 330 697 20 917 976 203 152 -134 418 703 1 52 25 32 298 170 640 97 241 161 349 80 243 203 73
327 839 162 -134 -26 984 201 82 -63 -98 -39 244 -175 347 183 117 -31 194 23 619 759 65 21 80 64 210 196 351 15 -153 264 -217 -225 -62 601 226 576 216 633 734 104 28 196 338 591 251 668 306 11 334 106 11 15 135 342 951 133 119 229 72 135 158 51 89 97 29 451 231 223 17 -133 80 508 429 -24 579 13 -138 630 56 387 32 37 553 247 954 793 -2 477 -113 214 -50 17 21 330 334 20 919 1035 306 151 -138 418 103 -74 55 25 32 203 214 71 100 360 220 349 11 246 203 129
321 840 144 -150 -62 984 239 82 -65 -100 -57 241 -209 323 183 120 -32 190 23 11 759 65 16 80 64 210 190 555 15 -184 308 -245 -231 -93 609 267 578 219 633 725 104 28 129 72 679 298 157 306 16 294 113 22 319 135 344 957 187 663 232 16 223 127 643 81 97 16 533 231 258 661 -208 27 508 20 -43 582 34 -139 656 71 387 58 37 551 219 954 793 -9 493 -114 35 -83 17 21 330 111 20 927 1046 37 137 -229 418 77 -77 69 25 32 169 231 12 465 224 223 349 124 310 203 137
283 915 117 -200 -95 984 242 82 -74 -101 -60 57 -212 311 183 143 -81 179 23 973 759 65 9 80 64 210 185 37 15 -185 312 -297 -244 -95 623 285 602 223 633 663 104 28 138 221 695 329 678 306 33 112 190 428 36 135 348 971 91 65 234 821 267 44 190 57 97 25 560 231 271 235 -212 72 508 75 -46 672 542 -147 658 90 387 27 37 549 214 954 793 -16 496 -146 37 -91 17 21 330 529 20 934 1071 200 136 -235 418 120 -81 86 25 32 167 234 104 421 626 316 349 18 312 203 209
230 924 113 -204 -101 984 285 82 -114 -105 -68 37 -261 237 183 198 -86 169 23 114 759 65 8 80 64 210 184 23 15 -196 315 -300 -299 -97 631 305 610 228 633 651 104 28 27 119 709 348 137 306 110 55 108 355 10 135 385 972 51 216 304 173 65 687 11 55 97 293 592 231 335 204 -217 264 508 74 -78 676 39 -154 666 96 387 724 37 488 190 954 793 -20 498 -150 34 -113 17 21 330 97 20 938 1076 23 134 -279 418 53 -93 91 25 32 163 288 30 174 230 317 349 36 335 203 210
229 927 72 -297 -103 984 286 82 -121 -136 -74 34 -288 227 183 203 -94 160 23 171 759 65 6 80 64 210 122 362 15 -200 333 -344 -318 -131 650 320 637 236 633 562 104 28 136 50 712 350 998 306 55 69 18 40 431 135 392 991 16 65 391 626 858 29 251 54 97 41 605 231 338 60 -222 605 508 28 -102 698 178 -161 669 113 387 22 37 467 188 954 793 -23 504 -155 738 -114 17 21 330 694 20 947 1077 713 120 -303 418 938 -97 98 25 32 162 366 231 17 164 365 349 447 336 203 217
228 935 71 -309 -149 984 296 82 -156 -184 -76 287 -290 225 183 214 -97 158 23 12 759 65 5 80 64 210 114 101 15 -210 335 -366 -337 -157 711 345 665 282 633 471 104 28 412 199 715 361 167 306 15 214 42 153 26 135 459 1018 352 953 409 57 811 186 478 51 97 21 627 231 340 93 -314 33 508 14 -127 710 203 -200 690 116 387 95 37 465 160 954 793 -44 507 -184 211 -120 17 21 330 335 20 998 1174 75 90 -341 418 21 -99 131 25 32 159 429 17 243 438 395 349 120 338 203 218
224 940 30 -311 -151 984 299 82 -157 -267 -133 749 -292 224 183 228 -179 155 23 107 759 65 -13 80 64 210 113 50 15 -243 387 -411 -343 -178 762 366 667 326 633 426 104 28 626 395 726 400 33 306 13 24 391 96 18 135 464 1089 44 22 411 407 24 65 46 19 97 23 628 231 344 43 -365 62 508 11 -180 718 94 -218 695 120 387 492 37 461 152 954 793 -135 508 -226 619 -148 17 21 330 327 20 1067 1188 34 60 -352 418 189 -106 216 25 32 144 439 14 164 166 396 349 433 352 203 221
178 943 22 -372 -193 984 315 82 -181 -332 -145 36 -296 223 183 282 -204 154 23 90 759 65 -14 80 64 210 68 90 15 -258 390 -468 -348 -184 817 368 675 327 633 333 104 28 985 464 729 402 459 306 157 218 378 12 19 135 487 1092 17 34 413 941 404 38 14 13 97 20 630 231 363 205 -392 15 508 424 -192 764 325 -258 708 171 387 60 37 415 96 954 793 -161 565 -320 40 -183 17 21 330 10 20 1071 1234 915 -38 -366 418 25 -107 218 25 32 137 498 56 38 619 402 349 336 361 203 243
166 948 19 -376 -195 984 320 82 -231 -342 -205 15 -297 157 183 284 -225 144 23 123 759 65 -16 80 64 210 24 288 15 -328 404 -497 -368 -185 834 369 682 331 633 332 104 28 799 447 730 406 49 306 455 138 41 103 70 135 490 1162 12 86 415 535 22 111 34 10 97 69 654 231 405 39 -442 317 508 27 -195 765 560 -306 779 181 387 284 37 412 90 954 793 -164 566 -327 157 -187 17 21 330 73 20 1102 1238 993 -44 -368 418 13 -115 232 25 32 109 518 15 957 789 404 349 30 394 203 247
143 1015 -42 -378 -291 984 337 82 -232 -426 -213 660 -304 60 183 287 -242 138 23 18 759 65 -22 80 64 210 18 11 15 -335 429 -502 -450 -187 837 373 727 384 633 316 104 28 203 35 736 410 480 306 310 255 497 11 14 135 499 1166 37 61 448 49 290 30 259 4 97 207 679 231 421 16 -489 69 508 279 -198 836 12 -311 785 202 387 69 37 404 87 954 793 -169 567 -332 16 -191 17 21 330 12 20 1161 1241 80 -46 -369 418 49 -130 234 25 32 75 545 88 125 77 431 349 232 400 203 258
82 1024 -47 -381 -292 984 338 82 -304 -438 -219 13 -305 57 183 331 -247 122 23 486 759 65 -27 80 64 210 6 317 15 -364 440 -560 -459 -191 919 377 736 392 633 309 104 28 36 19 808 479 562 306 173 17 124 64 249 135 508 1167 17 440 450 436 45 110 42 3 97 453 684 231 484 45 -495 314 508 94 -205 850 644 -317 810 222 387 25 37 360 60 954 793 -176 569 -369 102 -224 17 21 330 10 20 1163 1251 417 -50 -446 418 15 -140 262 25 32 74 555 754 18 362 438 349 28 465 203 262
43 1038 -49 -417 -296 984 347 82 -334 -439 -254 52 -308 42 183 337 -256 115 23 967 759 65 -115 80 64 210 3 75 15 -371 455 -565 -461 -200 920 408 748 425 633 294 104 28 138 274 870 487 300 306 77 19 218 346 163 135 511 1196 452 15 479 239 78 114 177 2 97 33 687 231 531 756 -496 18 508 27 -210 853 39 -322 815 282 387 19 37 324 34 954 793 -177 571 -398 426 -253 17 21 330 735 20 1176 1262 227 -54 -461 418 206 -198 314 25 32 66 556 129 14 89 440 349 816 469 203 265
32 1042 -56 -426 -297 984 359 82 -341 -440 -256 54 -312 -6 183 351 -269 113 23 656 759 65 -118 80 64 210 -68 23 15 -455 459 -606 -480 -203 921 412 760 426 633 268 104 28 46 91 874 490 140 306 514 44 426 47 10 135 512 1226 29 27 491 40 82 770 140 -1 97 105 694 231 537 856 -525 179 508 692 -222 858 54 -352 828 284 387 181 37 314 -14 954 793 -192 573 -412 46 -260 17 21 330 128 20 1235 1264 13 -112 -545 418 137 -221 333 25 32 41 558 128 509 416 462 349 127 492 203 269
20 1095 -57 -430 -314 984 362 82 -346 -450 -283 212 -325 -39 183 353 -270 90 23 20 759 65 -189 80 64 210 -166 41 15 -496 463 -636 -482 -205 929 416 763 479 633 210 104 28 14 21 876 517 34 306 30 86 52 184 415 135 513 1227 71 362 496 26 23 144 24 -25 97 15 739 231 539 31 -527 30 508 20 -280 932 25 -378 833 285 387 143 37 290 -107 954 793 -246 575 -431 44 -304 17 21 330 455 20 1238 1297 24 -146 -587 418 10 -224 377 25 32 40 561 53 605 34 469 349 551 499 203 365
1 1103 -60 -432 -333 984 383 82 -409 -460 -350 168 -337 -48 183 384 -272 20 23 63 759 65 -191 80 64 210 -193 274 15 -557 469 -651 -483 -208 937 435 767 495 633 197 104 28 67 217 906 530 131 306 51 13 19 839 13 135 516 1234 134 161 501 222 422 36 18 -37 97 51 743 231 551 29 -596 13 508 59 -282 945 44 -385 880 288 387 85 37 278 -118 954 793 -257 649 -437 15 -314 17 21 330 122 20 1242 1302 18 -176 -686 418 20 -231 378 25 32 38 562 71 183 432 472 349 67 520 203 380
-14 1159 -83 -439 -351 984 412 82 -411 -527 -353 246 -346 -50 183 417 -288 14 23 60 759 65 -199 80 64 210 -194 265 15 -608 498 -660 -484 -211 940 454 833 498 633 183 104 28 51 77 922 621 83 306 80 70 39 631 11 135 577 1248 26 71 515 38 299 88 466 -40 97 553 756 231 555 258 -648 687 508 26 -293 1014 19 -392 904 304 387 22 37 276 -132 954 793 -263 650 -487 174 -322 17 21 330 141 20 1245 1308 379 -230 -690 418 35 -239 380 25 32 20 564 22 296 938 541 349 500 524 203 425
-18 1161 -102 -459 -356 984 422 82 -424 -529 -407 202 -359 -59 183 438 -303 -64 23 99 759 65 -217 80 64 210 -281 58 15 -613 554 -663 -488 -212 947 458 848 533 633 178 104 28 37 339 924 624 598 306 464 340 751 158 187 135 578 1250 579 551 517 41 169 91 339 -43 97 81 774 231 556 582 -649 33 508 238 -298 1018 49 -411 906 305 387 114 37 198 -196 954 793 -267 654 -489 702 -324 17 21 330 158 20 1260 1377 229 -239 -693 418 32 -241 382 25 32 10 570 21 116 35 612 349 383 526 203 429
-20 1176 -103 -465 -362 984 449 82 -438 -533 -412 97 -363 -102 183 440 -337 -65 23 62 759 65 -219 80 64 210 -313 75 15 -676 562 -736 -500 -215 960 475 868 540 633 176 104 28 91 470 945 626 25 306 33 576 187 47 554 135 579 1315 946 474 526 57 26 447 20 -46 97 535 775 231 635 881 -660 65 508 46 -381 1020 84 -416 909 306 387 72 37 196 -250 954 793 -280 750 -491 135 -325 17 21 330 21 20 1267 1391 149 -257 -698 418 14 -268 405 25 32 2 588 25 12 10 614 349 478 578 203 434
-24 1239 -104 -474 -364 984 455 82 -517 -538 -417 231 -377 -116 183 449 -354 -79 23 11 759 65 -224 80 64 210 -378 12 15 -680 623 -787 -505 -272 966 522 869 580 633 128 104 28 143 420 947 634 11 306 30 255 17 168 39 135 646 1351 17 11 529 89 12 81 353 -57 97 316 777 231 658 424 -675 14 508 170 -389 1029 134 -510 980 327 387 420 37 175 -273 954 793 -293 826 -494 311 -326 17 21 330 118 20 1291 1393 278 -261 -701 418 18 -274 421 25 32 0 592 10 173 12 672 349 14 605 203 435
-33 1267 -108 -497 -367 984 457 82 -553 -540 -421 269 -425 -124 183 509 -362 -99 23 159 759 65 -227 80 64 210 -469 963 15 -681 625 -793 -507 -302 993 531 870 591 633 96 104 28 432 183 951 636 107 306 23 186 164 79 504 135 731 1352 151 390 537 329 243 763 11 -61 97 12 864 231 732 486 -766 267 508 292 -413 1043 407 -517 1029 405 387 242 37 77 -359 954 793 -297 907 -497 11 -327 17 21 330 689 20 1293 1416 171 -309 -768 418 10 -284 430 25 32 -5 595 12 248 65 673 349 375 607 203 436
-42 1271 -164 -517 -371 984 511 82 -560 -560 -425 83 -445 -131 183 546 -371 -130 23 405 759 65 -232 80 64 210 -478 679 15 -693 646 -806 -513 -304 1013 539 936 600 633 73 104 28 750 52 1025 664 67 306 43 457 502 60 246 135 732 1367 72 401 549 468 532 746 72 -70 97 157 872 231 737 57 -777 70 508 964 -463 1074 12 -533 1038 415 387 924 37 74 -367 954 793 -300 988 -498 208 -331 17 21 330 58 20 1305 1466 198 -311 -785 418 224 -286 437 25 32 -22 647 103 34 41 735 349 424 615 203 524
-80 1275 -167 -548 -415 984 550 82 -563 -561 -429 27 -446 -140 183 548 -379 -142 23 385 759 65 -244 80 64 210 -513 137 15 -767 669 -852 -573 -325 1091 548 938 609 633 72 104 28 120 641 1046 690 30 306 18 302 909 758 273 135 735 1377 36 18 572 20 51 23 12 -72 97 116 874 231 739 72 -787 17 508 873 -477 1076 445 -537 1044 421 387 618 37 72 -435 954 793 -301 1000 -564 281 -387 17 21 330 109 20 1306 1470 115 -337 -819 418 18 -361 465 25 32 -30 650 48 16 429 783 349 17 617 203 548
-88 1293 -199 -550 -419 984 641 82 -602 -652 -439 312 -478 -154 183 568 -413 -144 23 249 759 65 -250 80 64 210 -516 738 15 -769 673 -862 -603 -399 1100 624 954 708 633 8 104 28 46 208 1076 701 500 306 274 46 96 13 29 135 823 1394 580 32 636 916 122 90 70 -147 97 37 879 231 741 363 -792 46 508 520 -486 1159 27 -553 1047 425 387 133 37 70 -467 954 793 -304 1033 -566 190 -445 17 21 330 27 20 1395 1471 104 -383 -850 418 475 -389 483 25 32 -34 670 35 281 84 789 349 138 621 203 584
-96 1317 -210 -596 -498 984 677 82 -672 -694 -469 77 -479 -192 183 569 -463 -166 23 13 759 65 -256 80 64 210 -520 22 15 -771 675 -879 -702 -445 1125 700 958 805 633 -16 104 28 22 752 1078 748 67 306 53 14 488 59 896 135 846 1404 603 815 637 18 639 56 123 -163 97 10 969 231 747 97 -862 95 508 72 -523 1162 58 -555 1063 493 387 12 37 12 -503 954 793 -311 1045 -568 40 -463 17 21 330 238 20 1399 1474 62 -387 -865 418 51 -401 491 25 32 -37 671 84 100 14 799 349 64 622 203 592
-100 1320 -212 -597 -506 984 690 82 -680 -705 -472 205 -538 -196 183 576 -464 -191 23 24 759 65 -259 80 64 210 -528 13 15 -852 690 -911 -738 -450 1128 710 992 808 633 -39 104 28 256 20 1083 761 23 306 36 38 148 875 647 135 939 1472 24 615 640 152 110 424 421 -185 97 200 1026 231 779 244 -903 475 508 159 -524 1163 125 -652 1071 503 387 780 37 9 -505 954 793 -323 1050 -570 15 -466 17 21 330 267 20 1439 1480 59 -388 -906 418 846 -405 494 25 32 -50 674 29 56 777 814 349 84 626 203 600
-101 1327 -226 -600 -507 984 713 82 -685 -708 -476 92 -556 -205 183 610 -489 -197 23 839 759 65 -261 80 64 210 -586 895 15 -939 693 -937 -758 -453 1130 711 1009 810 633 -51 104 28 486 52 1102 764 260 306 18 25 11 120 341 135 952 1496 490 638 692 835 37 275 730 -198 97 164 1031 231 780 76 -907 328 508 262 -553 1245 103 -674 1107 511 387 12 37 -9 -580 954 793 -351 1083 -611 27 -469 17 21 330 163 20 1449 1554 84 -391 -910 418 462 -412 499 25 32 -112 720 56 546 46 822 349 12 658 203 602
-102 1413 -299 -608 -522 984 759 82 -778 -762 -477 101 -573 -220 183 648 -490 -199 23 650 759 65 -308 80 64 210 -588 65 15 -946 694 -976 -769 -455 1133 715 1018 815 633 -129 104 28 245 35 1106 802 433 306 14 28 323 17 77 135 954 1499 23 10 706 661 187 650 873 -217 97 127 1033 231 781 14 -948 575 508 27 -563 1247 400 -681 1203 530 387 166 37 -15 -591 954 793 -353 1085 -641 565 -481 17 21 330 452 20 1461 1581 265 -394 -924 418 924 -455 502 25 32 -113 743 324 132 49 824 349 89 663 203 702
-105 1422 -310 -609 -524 984 767 82 -779 -838 -478 23 -598 -283 183 659 -509 -219 23 882 759 65 -313 80 64 210 -590 68 15 -947 698 -985 -770 -457 1159 742 1036 822 633 -166 104 28 83 171 1150 818 192 306 40 13 679 19 61 135 992 1516 660 94 721 13 153 23 27 -244 97 57 1046 231 806 19 -990 92 508 89 -594 1252 786 -770 1211 532 387 488 37 -53 -608 954 793 -420 1087 -646 27 -555 17 21 330 11 20 1463 1645 91 -398 -940 418 18 -464 542 25 32 -117 747 877 783 69 825 349 613 687 203 709
-121 1427 -343 -626 -571 984 775 82 -784 -839 -518 12 -676 -337 183 660 -525 -221 23 15 759 65 -315 80 64 210 -634 390 15 -982 759 -989 -778 -504 1164 755 1095 826 633 -168 104 28 277 106 1188 905 224 306 21 746 20 837 234 135 996 1517 35 122 730 174 12 378 47 -282 97 13 1049 231 845 343 -991 765 508 168 -597 1272 44 -776 1220 538 387 30 37 -57 -624 954 793 -440 1089 -652 12 -559 17 21 330 69 20 1520 1649 116 -405 -942 418 506 -523 639 25 32 -162 765 299 655 413 834 349 782 702 203 773
-123 1428 -345 -665 -575 984 781 82 -786 -886 -562 994 -680 -394 183 661 -539 -224 23 46 759 65 -317 80 64 210 -641 115 15 -985 816 -990 -793 -505 1165 756 1105 827 633 -174 104 28 745 940 1190 907 15 306 46 890 19 868 63 135 1088 1527 50 20 796 100 746 633 170 -292 97 46 1056 231 858 626 -1043 161 508 209 -654 1276 24 -777 1265 541 387 100 37 -106 -650 954 793 -445 1186 -653 46 -560 17 21 330 17 20 1531 1652 415 -408 -950 418 271 -578 641 25 32 -165 778 74 868 87 870 349 12 723 203 841
-182 1471 -360 -709 -581 984 788 82 -788 -920 -572 151 -713 -401 183 673 -554 -319 23 288 759 65 -320 80 64 210 -668 624 15 -986 819 -1061 -842 -518 1260 759 1106 854 633 -185 104 28 15 754 1192 972 94 306 11 289 252 54 17 135 1091 1536 12 86 811 20 55 264 112 -306 97 152 1067 231 864 48 -1052 11 508 62 -743 1348 13 -780 1271 543 387 22 37 -107 -661 954 793 -457 1250 -667 736 -644 17 21 330 63 20 1532 1681 351 -460 -951 418 98 -622 645 25 32 -170 787 113 69 11 954 349 15 726 203 847
-192 1479 -367 -711 -586 984 809 82 -789 -930 -607 14 -715 -403 183 680 -612 -325 23 231 759 65 -353 80 64 210 -767 42 15 -1018 833 -1083 -884 -521 1301 763 1118 891 633 -227 104 28 324 146 1241 974 779 306 311 100 297 727 61 135 1101 1554 201 46 818 25 33 55 93 -345 97 15 1069 231 868 38 -1060 14 508 92 -746 1351 31 -874 1278 566 387 15 37 -122 -693 954 793 -458 1251 -669 10 -718 17 21 330 332 20 1547 1726 11 -464 -1027 418 544 -627 649 25 32 -179 832 604 633 69 960 349 25 755 203 852
-194 1530 -368 -716 -587 984 820 82 -833 -936 -687 390 -732 -424 183 691 -622 -361 23 411 759 65 -427 80 64 210 -770 16 15 -1020 835 -1100 -924 -588 1326 784 1125 914 633 -251 104 28 14 92 1242 977 152 306 330 462 63 22 337 135 1102 1643 25 266 822 728 20 387 75 -346 97 427 1078 231 870 53 -1069 74 508 239 -755 1411 16 -876 1280 567 387 24 37 -123 -700 954 793 -514 1262 -710 13 -719 17 21 330 25 20 1554 1737 786 -471 -1028 418 11 -629 705 25 32 -191 842 505 32 101 991 349 19 756 203 853
-213 1532 -383 -723 -596 984 863 82 -852 -940 -718 96 -736 -445 183 694 -625 -449 23 30 759 65 -430 80 64 210 -771 823 15 -1054 855 -1103 -933 -611 1362 787 1136 938 633 -256 104 28 11 36 1247 991 53 306 375 313 144 386 229 135 1134 1666 275 74 824 229 130 13 266 -351 97 426 1079 231 912 715 -1071 436 508 326 -757 1505 40 -924 1282 623 387 135 37 -125 -771 954 793 -520 1265 -794 15 -720 17 21 330 59 20 1587 1739 467 -519 -1051 418 35 -691 710 25 32 -239 882 601 463 487 1034 349 16 762 203 854
-305 1554 -481 -762 -599 984 867 82 -880 -943 -724 19 -768 -446 183 696 -630 -450 23 79 759 65 -489 80 64 210 -779 660 15 -1150 876 -1130 -934 -614 1385 797 1137 1022 633 -293 104 28 390 280 1265 1047 123 306 15 776 57 817 870 135 1163 1694 420 976 826 250 32 17 618 -418 97 386 1085 231 934 50 -1074 167 508 221 -795 1601 40 -926 1284 705 387 31 37 -150 -772 954 793 -601 1273 -819 57 -725 17 21 330 113 20 1593 1742 58 -529 -1130 418 608 -696 772 25 32 -243 979 144 34 378 1053 349 40 764 203 898
-310 1565 -517 -781 -601 984 868 82 -961 -955 -727 54 -783 -496 183 697 -632 -484 23 11 759 65 -494 80 64 210 -782 82 15 -1194 886 -1135 -951 -620 1439 823 1147 1029 633 -294 104 28 32 497 1292 1051 14 306 94 629 746 429 25 135 1204 1701 792 28 923 527 38 42 257 -511 97 37 1164 231 941 21 -1087 729 508 504 -812 1604 261 -937 1286 761 387 81 37 -158 -785 954 793 -604 1281 -820 533 -744 17 21 330 19 20 1624 1747 469 -544 -1150 418 21 -705 812 25 32 -245 984 18 862 24 1081 349 37 835 203 922
-390 1568 -521 -783 -603 984 919 82 -987 -973 -747 589 -794 -504 183 699 -635 -486 23 219 759 65 -533 80 64 210 -787 481 15 -1262 910 -1151 -956 -622 1522 829 1148 1030 633 -297 104 28 39 486 1294 1052 435 306 305 451 182 26 146 135 1214 1708 46 12 939 170 72 386 27 -605 97 87 1197 231 945 54 -1090 34 508 965 -822 1610 761 -947 1290 835 387 41 37 -161 -872 954 793 -610 1289 -832 332 -758 17 21 330 269 20 1687 1768 240 -552 -1161 418 43 -712 830 25 32 -247 986 396 24 51 1084 349 166 876 203 959
-391 1569 -543 -785 -681 984 928 82 -1008 -975 -761 153 -859 -547 183 702 -702 -489 23 14 759 65 -537 80 64 210 -846 36 15 -1281 912 -1154 -984 -623 1536 903 1160 1031 633 -299 104 28 16 798 1296 1067 161 306 184 50 86 25 172 135 1217 1720 337 28 968 155 397 177 24 -613 97 13 1280 231 947 39 -1092 49 508 49 -875 1613 138 -979 1303 837 387 660 37 -182 -883 954 793 -613 1294 -899 682 -760 17 21 330 319 20 1719 1772 250 -555 -1163 418 605 -718 834 25 32 -283 987 55 425 118 1091 349 241 925 203 1035
-415 1592 -549 -800 -693 984 932 82 -1064 -986 -764 36 -861 -549 183 789 -707 -539 23 276 759 65 -542 80 64 210 -926 148 15 -1294 915 -1193 -988 -706 1609 908 1161 1040 633 -350 104 28 48 282 1308 1069 33 306 137 691 503 77 188 135 1223 1729 13 501 974 26 60 425 15 -646 97 45 1283 231 954 264 -1095 37 508 90 -877 1620 522 -1033 1333 839 387 47 37 -198 -886 954 793 -618 1295 -912 357 -763 17 21 330 307 20 1814 1807 663 -557 -1261 418 28 -720 843 25 32 -294 999 931 13 112 1095 349 22 937 203 1067
-418 1594 -583 -804 -753 984 935 82 -1072 -993 -777 185 -905 -553 183 846 -717 -612 23 826 759 65 -576 80 64 210 -998 214 15 -1298 916 -1194 -1074 -766 1622 909 1175 1059 633 -366 104 28 592 57 1365 1074 317 306 20 559 108 251 133 135 1228 1730 751 69 976 20 133 13 24 -659 97 204 1338 231 1051 12 -1098 22 508 14 -892 1654 83 -1043 1336 848 387 18 37 -260 -894 954 793 -628 1304 -921 116 -842 17 21 330 21 20 1815 1815 629 -583 -1296 418 166 -796 883 25 32 -299 1002 668 256 23 1100 349 106 941 203 1069
-433 1618 -640 -809 -755 984 937 82 -1073 -1049 -783 98 -925 -555 183 868 -739 -618 23 58 759 65 -577 80 64 210 -999 74 15 -1343 979 -1199 -1079 -794 1624 911 1182 1084 633 -369 104 28 247 857 1366 1077 14 306 288 319 50 16 964 135 1230 1732 146 975 988 43 473 280 23 -661 97 74 1343 231 1074 40 -1106 869 508 22 -897 1658 11 -1054 1346 906 387 13 37 -271 -973 954 793 -630 1306 -937 946 -845 17 21 330 439 20 1900 1860 16 -587 -1299 418 230 -801 904 25 32 -301 1007 772 24 45 1104 349 497 942 203 1109
-443 1625 -642 -811 -757 984 1005 82 -1076 -1052 -855 18 -927 -637 183 875 -752 -628 23 20 759 65 -632 80 64 210 -1000 24 15 -1422 1021 -1269 -1082 -804 1627 953 1207 1151 633 -391 104 28 269 359 1374 1080 381 306 477 59 33 354 11 135 1232 1749 70 45 990 33 33 183 29 -718 97 10 1347 231 1096 15 -1132 14 508 72 -958 1667 172 -1061 1352 913 387 56 37 -273 -984 954 793 -717 1338 -940 140 -874 17 21 330 252 20 1935 1862 245 -623 -1389 418 24 -805 906 25 32 -311 1015 16 154 20 1118 349 109 944 203 1114
-459 1648 -644 -812 -762 984 1015 82 -1079 -1143 -881 838 -929 -642 183 892 -753 -631 23 42 759 65 -650 80 64 210 -1031 88 15 -1423 1057 -1277 -1141 -818 1689 960 1219 1167 633 -403 104 28 100 237 1383 1088 485 306 87 30 190 67 45 135 1275 1810 438 453 994 11 80 13 12 -720 97 293 1350 231 1108 494 -1135 41 508 16 -991 1694 504 -1062 1356 914 387 704 37 -278 -987 954 793 -725 1420 -1040 865 -912 17 21 330 57 20 2034 1895 210 -666 -1442 418 97 -820 931 25 32 -318 1018 949 361 837 1204 349 33 1021 203 1148
-460 1677 -683 -815 -765 984 1032 82 -1080 -1147 -882 263 -1025 -660 183 922 -778 -651 23 74 759 65 -653 80 64 210 -1043 116 15 -1475 1062 -1312 -1144 -912 1696 1058 1223 1185 633 -449 104 28 40 507 1427 1131 22 306 26 602 227 37 44 135 1276 1811 212 468 995 71 364 326 38 -741 97 951 1357 231 1111 792 -1153 396 508 631 -1027 1737 17 -1114 1391 970 387 32 37 -281 -1000 954 793 -740 1462 -1041 53 -928 17 21 330 70 20 2055 1900 28 -670 -1450 418 37 -839 972 25 32 -319 1053 64 24 96 1206 349 141 1027 203 1149
-499 1679 -691 -861 -767 984 1045 82 -1089 -1171 -885 622 -1055 -704 183 931 -784 -653 23 636 759 65 -655 80 64 210 -1059 663 15 -1483 1074 -1348 -1146 -916 1702 1062 1227 1251 633 -520 104 28 61 341 1432 1182 331 306 20 48 198 29 933 135 1322 1813 22 16 999 58 13 129 26 -745 97 462 1359 231 1210 233 -1163 112 508 118 -1030 1815 858 -1116 1392 974 387 119 37 -299 -1005 954 793 -808 1486 -1055 23 -1009 17 21 330 93 20 2113 1931 507 -741 -1465 418 691 -843 1035 25 32 -323 1057 21 71 765 1209 349 18 1048 203 1219
-503 1702 -784 -865 -772 984 1050 82 -1099 -1180 -962 368 -1058 -734 183 933 -785 -661 23 25 759 65 -662 80 64 210 -1086 710 15 -1484 1145 -1356 -1148 -922 1705 1071 1235 1260 633 -524 104 28 20 14 1437 1193 168 306 132 691 94 569 88 135 1381 1853 112 146 1010 989 19 21 757 -749 97 11 1361 231 1225 26 -1227 34 508 99 -1033 1818 47 -1126 1471 1060 387 319 37 -309 -1053 954 793 -814 1501 -1114 395 -1053 17 21 330 86 20 2116 1935 37 -803 -1467 418 90 -845 1084 25 32 -339 1058 16 76 85 1212 349 95 1118 203 1247
-524 1718 -804 -868 -775 984 1064 82 -1102 -1188 -968 959 -1065 -785 183 935 -791 -694 23 227 759 65 -667 80 64 210 -1139 359 15 -1488 1148 -1359 -1150 -924 1802 1092 1331 1353 633 -527 104 28 13 298 1442 1196 26 306 35 396 57 299 11 135 1404 1880 568 677 1040 195 296 252 21 -751 97 97 1367 231 1226 199 -1309 117 508 44 -1035 1827 714 -1182 1473 1100 387 206 37 -318 -1088 954 793 -825 1519 -1128 24 -1132 17 21 330 457 20 2187 1949 14 -808 -1532 418 11 -923 1163 25 32 -345 1069 480 735 61 1217 349 125 1120 203 1278
-530 1721 -850 -876 -776 984 1111 82 -1151 -1194 -973 525 -1069 -786 183 936 -794 -704 23 125 759 65 -676 80 64 210 -1142 443 15 -1489 1211 -1379 -1152 -925 1816 1157 1333 1364 633 -532 104 28 86 22 1504 1206 962 306 92 24 600 25 18 135 1413 1881 897 969 1051 53 34 101 302 -784 97 237 1386 231 1323 72 -1347 11 508 421 -1036 1923 50 -1227 1479 1112 387 12 37 -321 -1093 954 793 -827 1525 -1148 16 -1134 17 21 330 382 20 2273 1951 24 -833 -1536 418 42 -924 1176 25 32 -347 1111 183 248 47 1238 349 683 1121 203 1287
-609 1727 -853 -909 -785 984 1144 82 -1154 -1223 -975 59 -1083 -793 183 1006 -796 -774 23 182 759 65 -749 80 64 210 -1156 64 15 -1496 1228 -1414 -1161 -928 1829 1161 1372 1368 633 -550 104 28 455 444 1560 1219 14 306 751 239 11 29 571 135 1424 1942 34 11 1053 81 41 22 898 -786 97 199 1393 231 1324 250 -1349 365 508 967 -1043 2007 46 -1265 1481 1122 387 51 37 -330 -1131 954 793 -846 1536 -1159 250 -1138 17 21 330 328 20 2274 1953 26 -839 -1538 418 14 -934 1178 25 32 -361 1114 18 444 129 1257 349 585 1129 203 1295
-621 1743 -864 -913 -798 984 1145 82 -1163 -1240 -1050 302 -1086 -812 183 1012 -797 -834 23 47 759 65 -752 80 64 210 -1159 142 15 -1498 1239 -1420 -1200 -943 1889 1177 1374 1448 633 -562 104 28 36 31 1595 1223 64 306 33 781 280 420 37 135 1431 1975 98 81 1089 711 923 27 14 -792 97 22 1399 231 1418 16 -1360 55 508 218 -1047 2089 11 -1267 1487 1128 387 754 37 -377 -1145 954 793 -875 1558 -1181 133 -1142 17 21 330 45 20 2276 2020 37 -843 -1540 418 25 -936 1216 25 32 -399 1147 83 812 71 1290 349 32 1130 203 1367
-622 1744 -868 -916 -803 984 1182 82 -1167 -1243 -1075 18 -1089 -814 183 1060 -799 -836 23 15 759 65 -753 80 64 210 -1182 188 15 -1499 1241 -1421 -1204 -975 1891 1224 1376 1464 633 -576 104 28 431 61 1598 1225 96 306 668 140 143 33 34 135 1449 1978 241 34 1148 536 128 805 361 -795 97 17 1419 231 1422 492 -1387 103 508 247 -1054 2108 85 -1276 1571 1143 387 32 37 -378 -1223 954 793 -927 1562 -1196 174 -1148 17 21 330 964 20 2277 2057 36 -846 -1597 418 274 -938 1218 25 32 -437 1175 84 128 16 1304 349 132 1175 203 1374
-693 1783 -870 -920 -806 984 1185 82 -1169 -1266 -1081 514 -1118 -840 183 1099 -802 -837 23 228 759 65 -839 80 64 210 -1214 637 15 -1500 1243 -1426 -1284 -981 1922 1236 1399 1492 633 -582 104 28 42 630 1607 1227 335 306 88 377 69 83 29 135 1502 2019 47 203 1238 42 765 20 12 -838 97 90 1428 231 1425 213 -1389 250 508 145 -1058 2130 92 -1278 1599 1144 387 65 37 -380 -1279 954 793 -962 1567 -1229 71 -1158 17 21 330 16 20 2307 2120 15 -864 -1600 418 549 -998 1243 25 32 -509 1186 184 657 393 1306 349 280 1238 203 1378
-759 1804 -874 -930 -811 984 1194 82 -1173 -1271 -1084 937 -1137 -845 183 1100 -841 -838 23 15 759 65 -844 80 64 210 -1215 595 15 -1504 1306 -1495 -1288 -982 1938 1238 1486 1571 633 -587 104 28 35 61 1699 1229 348 306 56 69 22 356 254 135 1520 2087 28 208 1244 690 11 878 248 -862 97 132 1440 231 1447 862 -1438 12 508 879 -1113 2135 36 -1279 1672 1197 387 33 37 -452 -1342 954 793 -964 1575 -1233 92 -1229 17 21 330 14 20 2316 2122 484 -890 -1606 418 80 -1082 1264 25 32 -551 1188 857 688 41 1385 349 71 1245 203 1379
-761 1864 -877 -932 -888 984 1206 82 -1183 -1276 -1102 100 -1139 -855 183 1123 -856 -841 23 289 759 65 -865 80 64 210 -1227 739 15 -1510 1307 -1496 -1298 -1004 2028 1245 1487 1580 633 -592 104 28 97 185 1720 1230 124 306 804 17 340 16 280 135 1556 2091 417 49 1265 26 337 74 655 -864 97 121 1468 231 1450 16 -1474 48 508 986 -1115 2222 108 -1362 1699 1199 387 141 37 -474 -1351 954 793 -1063 1619 -1235 23 -1231 17 21 330 45 20 2363 2123 45 -894 -1608 418 55 -1083 1300 25 32 -554 1225 632 100 20 1389 349 143 1253 203 1406
-762 1868 -879 -956 -894 984 1221 82 -1192 -1280 -1108 14 -1164 -856 183 1135 -863 -855 23 15 759 65 -916 80 64 210 -1310 65 15 -1512 1347 -1518 -1366 -1005 2030 1326 1503 1586 633 -649 104 28 262 15 1789 1272 91 306 606 108 66 464 341 135 1565 2132 767 31 1267 134 24 22 109 -865 97 423 1472 231 1457 707 -1478 46 508 168 -1140 2285 486 -1411 1702 1201 387 168 37 -486 -1352 954 793 -1103 1620 -1236 891 -1254 17 21 330 97 20 2382 2127 442 -898 -1628 418 627 -1102 1334 25 32 -556 1250 95 28 24 1427 349 151 1269 203 1410
-763 1964 -890 -957 -911 984 1226 82 -1194 -1323 -1119 14 -1177 -858 183 1136 -890 -893 23 712 759 65 -927 80 64 210 -1401 543 15 -1519 1394 -1520 -1368 -1007 2032 1341 1543 1636 633 -651 104 28 542 64 1807 1317 20 306 546 551 220 129 38 135 1610 2212 108 605 1358 41 109 19 96 -949 97 339 1519 231 1502 14 -1495 544 508 27 -1143 2288 24 -1416 1703 1203 387 37 37 -517 -1353 954 793 -1107 1664 -1242 329 -1255 17 21 330 40 20 2442 2133 19 -899 -1676 418 423 -1135 1337 25 32 -559 1251 880 313 34 1444 349 49 1276 203 1447
-830 1974 -911 -960 -917 984 1303 82 -1198 -1335 -1122 939 -1190 -863 183 1146 -933 -959 23 79 759 65 -928 80 64 210 -1406 713 15 -1533 1403 -1559 -1369 -1008 2040 1345 1563 1712 633 -654 104 28 281 22 1887 1322 15 306 65 441 12 47 158 135 1612 2273 24 18 1360 446 785 73 97 -998 97 16 1533 231 1536 829 -1527 28 508 16 -1193 2329 296 -1430 1795 1209 387 38 37 -558 -1390 954 793 -1116 1667 -1243 15 -1312 17 21 330 24 20 2444 2191 111 -901 -1715 418 36 -1208 1361 25 32 -564 1253 129 20 16 1465 349 14 1280 203 1452
-835 2072 -912 -967 -922 984 1365 82 -1201 -1395 -1123 599 -1249 -871 183 1147 -940 -966 23 23 759 65 -971 80 64 210 -1470 207 15 -1535 1411 -1565 -1428 -1064 2094 1348 1566 1747 633 -655 104 28 53 228 1893 1383 653 306 284 226 37 293 31 135 1615 2274 151 456 1393 28 49 765 107 -999 97 181 1595 231 1559 19 -1529 234 508 144 -1199 2331 134 -1513 1796 1223 387 300 37 -579 -1391 954 793 -1117 1669 -1246 297 -1399 17 21 330 19 20 2448 2238 14 -908 -1716 418 82 -1211 1446 25 32 -585 1259 67 842 196 1495 349 30 1284 203 1455
-838 2104 -917 -968 -928 984 1372 82 -1280 -1406 -1165 29 -1251 -889 183 1150 -1007 -982 23 50 759 65 -973 80 64 210 -1489 246 15 -1596 1417 -1626 -1509 -1065 2150 1364 1568 1765 633 -663 104 28 148 63 1913 1428 17 306 38 47 214 191 23 135 1633 2373 116 728 1402 438 74 713 20 -1050 97 48 1598 231 1571 152 -1571 57 508 931 -1207 2367 27 -1515 1817 1224 387 312 37 -593 -1396 954 793 -1137 1678 -1249 92 -1401 17 21 330 240 20 2450 2261 30 -921 -1732 418 35 -1236 1468 25 32 -669 1315 985 882 388 1561 349 166 1373 203 1479
-856 2126 -918 -969 -970 984 1380 82 -1284 -1419 -1170 822 -1344 -893 183 1163 -1024 -998 23 13 759 65 -985 80 64 210 -1585 109 15 -1606 1429 -1699 -1511 -1091 2161 1374 1577 1767 633 -695 104 28 57 404 1934 1439 56 306 510 28 89 32 709 135 1666 2401 818 34 1407 145 26 25 69 -1141 97 86 1609 231 1576 940 -1573 18 508 14 -1208 2392 57 -1554 1842 1234 387 178 37 -611 -1397 954 793 -1143 1699 -1251 322 -1403 17 21 330 523 20 2509 2267 528 -941 -1736 418 115 -1244 1474 25 32 -674 1321 102 152 19 1569 349 654 1414 203 1486
-929 2221 -919 -988 -971 984 1383 82 -1285 -1422 -1208 151 -1345 -926 183 1165 -1038 -1001 23 201 759 65 -989 80 64 210 -1606 643 15 -1631 1458 -1757 -1547 -1104 2189 1382 1582 1791 633 -698 104 28 159 14 1939 1440 12 306 133 81 115 193 769 135 1671 2408 80 23 1414 941 260 800 26 -1183 97 14 1613 231 1675 482 -1633 724 508 17 -1300 2476 71 -1580 1856 1236 387 256 37 -626 -1400 954 793 -1147 1716 -1254 58 -1409 17 21 330 186 20 2514 2270 58 -957 -1744 418 30 -1248 1481 25 32 -704 1325 207 119 86 1573 349 18 1425 203 1526
-941 2226 -922 -989 -975 984 1402 82 -1331 -1433 -1240 68 -1346 -935 183 1177 -1042 -1005 23 26 759 65 -991 80 64 210 -1610 11 15 -1632 1472 -1763 -1571 -1105 2203 1383 1609 1811 633 -702 104 28 31 44 1952 1527 72 306 15 415 568 309 73 135 1683 2410 106 59 1418 15 105 22 98 -1186 97 12 1615 231 1685 65 -1636 15 508 12 -1304 2528 60 -1595 1923 1302 387 40 37 -704 -1435 954 793 -1149 1745 -1258 13 -1413 17 21 330 348 20 2517 2296 419 -994 -1746 418 724 -1319 1558 25 32 -705 1369 11 486 228 1614 349 138 1450 203 1556
-947 2249 -935 -1000 -999 984 1434 82 -1360 -1441 -1251 460 -1350 -970 183 1184 -1067 -1006 23 123 759 65 -994 80 64 210 -1624 653 15 -1697 1545 -1773 -1581 -1189 2212 1398 1611 1905 633 -703 104 28 27 104 1977 1536 49 306 107 45 738 282 93 135 1684 2413 18 45 1421 186 16 328 21 -1213 97 36 1665 231 1687 256 -1640 222 508 725 -1308 2570 38 -1694 1930 1305 387 11 37 -753 -1478 954 793 -1150 1746 -1306 182 -1451 17 21 330 21 20 2546 2298 479 -998 -1773 418 32 -1327 1565 25 32 -736 1371 127 95 65 1616 349 961 1451 203 1606
-962 2345 -944 -1003 -1022 984 1440 82 -1366 -1487 -1256 284 -1395 -972 183 1185 -1070 -1021 23 657 759 65 -1007 80 64 210 -1724 83 15 -1706 1547 -1779 -1631 -1233 2215 1407 1632 1920 633 -758 104 28 21 156 2033 1538 82 306 103 378 34 268 35 135 1689 2448 955 12 1455 398 359 105 503 -1223 97 49 1669 231 1700 34 -1731 354 508 410 -1311 2628 66 -1758 1934 1319 387 95 37 -755 -1483 954 793 -1168 1749 -1336 141 -1455 17 21 330 724 20 2550 2300 78 -1011 -1805 418 38 -1406 1624 25 32 -807 1382 92 218 83 1669 349 12 1458 203 1691
-963 2349 -1014 -1006 -1076 984 1442 82 -1375 -1502 -1289 37 -1406 -976 183 1223 -1162 -1040 23 455 759 65 -1060 80 64 210 -1741 167 15 -1748 1577 -1796 -1634 -1260 2225 1434 1662 1987 633 -762 104 28 385 480 2050 1573 33 306 23 338 12 66 20 135 1736 2450 25 150 1475 93 274 82 17 -1226 97 86 1673 231 1706 22 -1733 119 508 14 -1316 2638 37 -1760 1983 1322 387 137 37 -770 -1540 954 793 -1175 1752 -1382 14 -1463 17 21 330 48 20 2589 2306 85 -1015 -1903 418 204 -1457 1702 25 32 -816 1395 486 83 316 1675 349 331 1470 203 1732
-965 2355 -1028 -1008 -1085 984 1461 82 -1388 -1504 -1332 15 -1410 -991 183 1231 -1168 -1042 23 12 759 65 -1107 80 64 210 -1751 424 15 -1764 1579 -1799 -1646 -1263 2229 1439 1688 1989 633 -763 104 28 118 586 2053 1576 13 306 292 133 13 17 67 135 1765 2507 118 132 1479 12 345 48 95 -1233 97 103 1697 231 1713 220 -1812 51 508 238 -1322 2641 40 -1763 1984 1332 387 15 37 -778 -1585 954 793 -1187 1754 -1398 823 -1465 17 21 330 11 20 2590 2319 296 -1033 -1906 418 26 -1477 1706 25 32 -836 1452 181 856 259 1701 349 176 1472 203 1750
-1058 2409 -1032 -1009 -1163 984 1468 82 -1404 -1559 -1334 12 -1435 -993 183 1257 -1197 -1059 23 103 759 65 -1111 80 64 210 -1753 48 15 -1777 1614 -1810 -1657 -1264 2242 1441 1689 1990 633 -817 104 28 11 219 2115 1673 330 306 321 128 353 356 12 135 1767 2541 554 73 1483 176 18 207 41 -1236 97 172 1715 231 1751 80 -1827 17 508 436 -1332 2658 337 -1773 1993 1425 387 65 37 -789 -1646 954 793 -1191 1755 -1419 43 -1468 17 21 330 613 20 2633 2372 106 -1038 -1910 418 143 -1488 1708 25 32 -837 1463 51 386 12 1738 349 716 1530 203 1755
-1070 2427 -1057 -1011 -1164 984 1475 82 -1407 -1622 -1335 437 -1458 -1012 183 1274 -1199 -1062 23 14 759 65 -1163 80 64 210 -1755 17 15 -1779 1623 -1839 -1659 -1290 2244 1447 1756 2060 633 -830 104 28 37 121 2129 1762 29 306 22 330 18 13 48 135 1768 2542 222 63 1486 164 39 15 11 -1254 97 899 1717 231 1830 178 -1835 662 508 145 -1418 2671 19 -1774 1998 1427 387 75 37 -791 -1651 954 793 -1194 1761 -1467 17 -1471 17 21 330 152 20 2644 2414 83 -1100 -1912 418 222 -1502 1752 25 32 -882 1481 60 285 110 1749 349 316 1532 203 1757
-1076 2433 -1061 -1014 -1205 984 1543 82 -1412 -1624 -1351 12 -1459 -1033 183 1282 -1255 -1064 23 91 759 65 -1166 80 64 210 -1756 61 15 -1781 1627 -1844 -1676 -1319 2246 1454 1763 2140 633 -878 104 28 111 269 2138 1764 549 306 22 127 853 15 77 135 1769 2543 245 24 1500 110 234 75 126 -1301 97 34 1766 231 1834 12 -1852 18 508 461 -1458 2676 264 -1784 2001 1513 387 517 37 -794 -1653 954 793 -1204 1768 -1468 154 -1478 17 21 330 71 20 2676 2416 150 -1102 -1914 418 26 -1504 1756 25 32 -886 1484 579 22 22 1761 349 333 1539 203 1801
-1103 2439 -1101 -1025 -1215 984 1545 82 -1416 -1626 -1360 458 -1462 -1055 183 1303 -1333 -1066 23 94 759 65 -1168 80 64 210 -1843 164 15 -1787 1641 -1874 -1679 -1334 2327 1459 1767 2150 633 -966 104 28 139 15 2214 1770 53 306 933 760 448 322 65 135 1770 2550 22 17 1586 22 288 69 45 -1309 97 148 1769 231 1842 15 -1882 449 508 42 -1467 2689 280 -1787 2043 1527 387 218 37 -819 -1654 954 793 -1288 1774 -1481 11 -1501 17 21 330 65 20 2678 2420 286 -1109 -2002 418 11 -1505 1819 25 32 -933 1498 58 63 17 1762 349 21 1543 203 1852
-1122 2489 -1106 -1050 -1223 984 1599 82 -1418 -1680 -1376 660 -1471 -1095 183 1339 -1351 -1072 23 301 759 65 -1173 80 64 210 -1844 50 15 -1789 1642 -1876 -1707 -1415 2361 1526 1768 2164 633 -975 104 28 802 33 2217 1795 184 306 530 941 14 122 14 135 1780 2552 54 52 1595 58 10 12 969 -1312 97 74 1783 231 1856 47 -1883 279 508 434 -1539 2691 418 -1853 2072 1605 387 128 37 -825 -1655 954 793 -1340 1775 -1491 14 -1502 17 21 330 16 20 2679 2424 284 -1110 -2014 418 71 -1507 1856 25 32 -974 1548 174 639 20 1775 349 42 1552 203 1862
-1154 2503 -1143 -1083 -1274 984 1606 82 -1423 -1703 -1430 755 -1542 -1108 183 1371 -1394 -1078 23 931 759 65 -1181 80 64 210 -1846 42 15 -1806 1646 -1941 -1745 -1435 2364 1529 1770 2168 633 -977 104 28 36 38 2222 1872 39 306 168 141 144 47 15 135 1865 2559 98 135 1609 37 223 93 29 -1344 97 70 1794 231 1858 267 -1906 85 508 88 -1549 2693 28 -1931 2078 1621 387 18 37 -847 -1665 954 793 -1341 1777 -1541 165 -1534 17 21 330 139 20 2690 2499 148 -1111 -2017 418 19 -1603 1937 25 32 -978 1551 12 18 678 1781 349 567 1590 203 1949
-1184 2512 -1165 -1100 -1332 984 1608 82 -1426 -1704 -1472 713 -1547 -1111 183 1374 -1398 -1108 23 109 759 65 -1255 80 64 210 -1905 25 15 -1895 1653 -1980 -1778 -1438 2367 1593 1780 2179 633 -1013 104 28 653 79 2239 1883 160 306 298 290 51 81 23 135 1866 2562 157 57 1634 951 107 143 63 -1354 97 325 1805 231 1867 56 -1912 873 508 298 -1596 2756 293 -1951 2114 1703 387 122 37 -869 -1687 954 793 -1352 1792 -1552 174 -1541 17 21 330 109 20 2705 2507 49 -1145 -2018 418 11 -1619 2003 25 32 -1075 1557 914 32 572 1812 349 357 1593 203 2024
-1186 2515 -1249 -1103 -1336 984 1622 82 -1438 -1713 -1501 18 -1550 -1143 183 1379 -1404 -1115 23 291 759 65 -1289 80 64 210 -1910 83 15 -1904 1655 -2031 -1837 -1497 2370 1596 1838 2181 633 -1037 104 28 22 33 2274 1963 37 306 56 527 99 693 31 135 1869 2563 173 191 1723 975 20 746 47 -1398 97 619 1808 231 1868 19 -1948 455 508 24 -1612 2782 21 -2050 2132 1705 387 35 37 -875 -1691 954 793 -1359 1796 -1561 23 -1597 17 21 330 793 20 2707 2511 15 -1160 -2020 418 35 -1685 2011 25 32 -1131 1615 53 15 111 1817 349 17 1596 203 2033
-1187 2521 -1251 -1162 -1346 984 1632 82 -1509 -1793 -1509 991 -1560 -1169 183 1413 -1422 -1163 23 301 759 65 -1306 80 64 210 -1943 395 15 -1911 1709 -2040 -1839 -1572 2372 1605 1840 2183 633 -1042 104 28 92 617 2277 2027 347 306 118 664 43 97 115 135 1897 2582 859 985 1725 490 43 193 418 -1404 97 10 1889 231 1869 182 -1957 30 508 26 -1639 2797 235 -2053 2139 1714 387 102 37 -887 -1705 954 793 -1361 1800 -1564 196 -1611 17 21 330 24 20 2779 2530 42 -1161 -2021 418 78 -1686 2017 25 32 -1182 1623 60 19 53 1818 349 422 1619 203 2079
-1211 2570 -1253 -1178 -1349 984 1634 82 -1559 -1816 -1515 15 -1573 -1172 183 1427 -1424 -1164 23 75 759 65 -1323 80 64 210 -1998 562 15 -1956 1741 -2063 -1845 -1595 2373 1616 1858 2195 633 -1115 104 28 33 86 2289 2056 10 306 96 55 130 106 58 135 1900 2638 271 58 1744 660 656 64 502 -1476 97 19 1893 231 1915 761 -1960 130 508 645 -1663 2825 581 -2058 2144 1716 387 128 37 -891 -1761 954 793 -1366 1803 -1570 17 -1630 17 21 330 298 20 2801 2545 49 -1194 -2038 418 13 -1726 2087 25 32 -1268 1638 491 21 610 1820 349 598 1623 203 2140
-1222 2579 -1257 -1186 -1352 984 1640 82 -1560 -1825 -1523 79 -1628 -1174 183 1429 -1440 -1168 23 13 759 65 -1332 80 64 210 -2001 265 15 -1958 1743 -2082 -1874 -1601 2376 1643 1887 2197 633 -1130 104 28 133 13 2316 2058 370 306 989 85 738 488 658 135 1907 2725 359 46 1781 78 64 80 32 -1494 97 16 1940 231 1927 175 -1976 42 508 433 -1670 2853 142 -2060 2147 1717 387 113 37 -901 -1768 954 793 -1367 1822 -1583 482 -1635 17 21 330 63 20 2815 2552 38 -1195 -2050 418 12 -1733 2094 25 32 -1273 1648 66 625 570 1821 349 102 1627 203 2141
-1225 2586 -1275 -1190 -1357 984 1646 82 -1585 -1826 -1539 108 -1647 -1271 183 1457 -1443 -1183 23 17 759 65 -1336 80 64 210 -2014 115 15 -1982 1806 -2094 -1882 -1614 2377 1651 1960 2206 633 -1132 104 28 367 334 2338 2064 28 306 48 242 64 34 19 135 1914 2739 67 216 1793 638 566 550 204 -1505 97 111 1955 231 1993 230 -1977 542 508 22 -1684 2855 23 -2092 2150 1767 387 925 37 -907 -1769 954 793 -1375 1830 -1585 12 -1640 17 21 330 33 20 2816 2632 539 -1224 -2063 418 77 -1735 2107 25 32 -1281 1716 712 37 53 1828 349 659 1629 203 2204
-1254 2609 -1291 -1210 -1358 984 1648 82 -1589 -1827 -1541 813 -1650 -1329 183 1465 -1449 -1203 23 60 759 65 -1354 80 64 210 -2114 144 15 -2002 1808 -2115 -1884 -1696 2380 1653 1964 2208 633 -1159 104 28 229 61 2343 2094 45 306 17 28 304 14 364 135 1920 2812 113 25 1811 17 450 792 142 -1582 97 246 2052 231 1996 45 -1980 256 508 444 -1721 2858 119 -2122 2152 1768 387 190 37 -930 -1778 954 793 -1451 1874 -1586 616 -1642 17 21 330 10 20 2856 2633 57 -1229 -2077 418 66 -1742 2114 25 32 -1302 1723 686 44 206 1872 349 26 1652 203 2256
-1272 2614 -1318 -1274 -1363 984 1649 82 -1636 -1862 -1598 239 -1741 -1368 183 1495 -1463 -1273 23 411 759 65 -1434 80 64 210 -2122 250 15 -2050 1816 -2123 -1902 -1702 2386 1656 1970 2219 633 -1165 104 28 174 40 2429 2099 840 306 936 87 108 17 573 135 1921 2860 58 687 1907 16 108 24 121 -1593 97 164 2056 231 2025 42 -1984 888 508 108 -1724 2890 41 -2134 2154 1779 387 101 37 -948 -1796 954 793 -1456 1883 -1617 23 -1674 17 21 330 18 20 2865 2731 865 -1266 -2081 418 244 -1743 2126 25 32 -1330 1727 860 15 78 1880 349 514 1654 203 2298
-1282 2646 -1320 -1293 -1377 984 1697 82 -1637 -1933 -1602 10 -1743 -1384 183 1502 -1467 -1359 23 497 759 65 -1467 80 64 210 -2125 27 15 -2061 1826 -2149 -1905 -1711 2394 1664 1973 2292 633 -1177 104 28 63 393 2433 2107 28 306 73 203 15 466 14 135 1923 2861 33 237 1911 12 132 193 531 -1595 97 233 2144 231 2026 145 -2034 385 508 12 -1745 2895 62 -2137 2168 1780 387 148 37 -995 -1800 954 793 -1457 1960 -1620 136 -1696 17 21 330 267 20 2867 2815 785 -1291 -2158 418 101 -1746 2168 25 32 -1334 1728 176 473 148 1891 349 19 1664 203 2318
-1305 2658 -1342 -1309 -1382 984 1743 82 -1642 -1987 -1621 88 -1776 -1386 183 1588 -1470 -1371 23 530 759 65 -1479 80 64 210 -2136 49 15 -2103 1828 -2150 -1918 -1722 2395 1666 1978 2295 633 -1192 104 28 97 297 2467 2122 133 306 220 464 30 477 114 135 1925 2865 292 63 1930 32 36 43 365 -1599 97 243 2204 231 2033 77 -2036 14 508 11 -1751 2949 18 -2176 2189 1794 387 33 37 -998 -1801 954 793 -1461 1963 -1668 13 -1755 17 21 330 95 20 2870 2818 336 -1297 -2162 418 752 -1751 2226 25 32 -1349 1739 45 37 622 1907 349 344 1734 203 2319
-1316 2662 -1348 -1339 -1392 984 1788 82 -1651 -1989 -1666 89 -1833 -1463 183 1590 -1489 -1374 23 36 759 65 -1485 80 64 210 -2138 68 15 -2120 1834 -2152 -1919 -1732 2396 1670 1982 2336 633 -1194 104 28 546 261 2469 2137 56 306 49 321 115 580 338 135 1938 2945 15 32 1998 121 383 242 660 -1643 97 189 2209 231 2035 636 -2050 393 508 71 -1763 2950 570 -2215 2194 1800 387 31 37 -1000 -1821 954 793 -1491 1964 -1670 375 -1774 17 21 330 180 20 2886 2822 59 -1394 -2172 418 49 -1765 2243 25 32 -1352 1741 14 47 598 1943 349 189 1736 203 2321
-1397 2666 -1398 -1425 -1486 984 1805 82 -1664 -2017 -1668 19 -1839 -1551 183 1666 -1518 -1436 23 421 759 65 -1559 80 64 210 -2141 22 15 -2122 1852 -2163 -1923 -1738 2411 1681 1984 2378 633 -1201 104 28 547 130 2476 2194 146 306 315 146 717 72 247 135 1943 2952 167 451 1999 156 427 13 70 -1644 97 57 2253 231 2044 12 -2051 41 508 260 -1805 2954 431 -2232 2200 1810 387 14 37 -1002 -1827 954 793 -1534 1969 -1673 46 -1779 17 21 330 619 20 2892 2847 31 -1396 -2182 418 29 -1779 2274 25 32 -1353 1742 30 148 310 1959 349 17 1738 203 2326
-1400 2672 -1416 -1435 -1497 984 1807 82 -1700 -2034 -1674 296 -1853 -1616 183 1689 -1519 -1467 23 299 759 65 -1638 80 64 210 -2143 41 15 -2134 1853 -2169 -1929 -1765 2475 1687 1986 2380 633 -1203 104 28 11 56 2478 2195 13 306 453 56 286 62 11 135 1971 2977 121 316 2008 62 24 21 205 -1742 97 475 2258 231 2110 783 -2060 214 508 52 -1832 2957 94 -2236 2202 1869 387 360 37 -1005 -1849 954 793 -1553 1988 -1688 51 -1781 17 21 330 309 20 2899 2889 280 -1399 -2186 418 156 -1842 2277 25 32 -1368 1804 15 351 59 1998 349 819 1739 203 2338
-1427 2674 -1445 -1525 -1564 984 1826 82 -1701 -2046 -1676 17 -1857 -1628 183 1690 -1524 -1471 23 89 759 65 -1676 80 64 210 -2144 58 15 -2164 1882 -2199 -1951 -1818 2481 1691 1989 2398 633 -1216 104 28 29 19 2482 2199 16 306 122 340 54 19 14 135 1972 2979 16 17 2043 20 20 271 125 -1744 97 11 2269 231 2117 111 -2126 48 508 15 -1837 2971 132 -2249 2205 1926 387 20 37 -1064 -1850 954 793 -1556 2064 -1689 66 -1784 17 21 330 57 20 2901 2890 204 -1412 -2197 418 56 -1843 2278 25 32 -1374 1901 613 24 270 1999 349 34 1759 203 2389
-1431 2689 -1462 -1584 -1579 984 1829 82 -1800 -2100 -1682 552 -1859 -1632 183 1695 -1526 -1485 23 13 759 65 -1689 80 64 210 -2157 615 15 -2166 1884 -2203 -1957 -1881 2484 1692 2018 2417 633 -1217 104 28 17 284 2484 2201 138 306 209 64 431 22 924 135 2059 3049 568 519 2051 108 552 84 20 -1751 97 234 2275 231 2118 263 -2193 14 508 11 -1838 2974 66 -2252 2234 1929 387 693 37 -1067 -1857 954 793 -1652 2095 -1695 201 -1830 17 21 330 638 20 2923 2893 17 -1416 -2198 418 18 -1854 2279 25 32 -1419 1961 186 560 17 2009 349 46 1760 203 2404
-1454 2691 -1463 -1604 -1580 984 1835 82 -1801 -2160 -1683 972 -1860 -1641 183 1699 -1531 -1486 23 104 759 65 -1702 80 64 210 -2163 17 15 -2244 1899 -2206 -1985 -1884 2485 1695 2109 2421 633 -1257 104 28 677 23 2488 2203 972 306 134 119 817 217 22 135 2064 3050 64 860 2081 17 149 12 15 -1752 97 24 2277 231 2132 73 -2198 28 508 76 -1864 3014 208 -2275 2249 1934 387 83 37 -1070 -1871 954 793 -1654 2109 -1716 10 -1833 17 21 330 82 20 2925 2987 232 -1418 -2201 418 849 -1856 2294 25 32 -1421 1999 46 30 55 2018 349 429 1762 203 2413
-1467 2709 -1484 -1608 -1582 984 1883 82 -1824 -2162 -1777 68 -1918 -1649 183 1741 -1533 -1487 23 339 759 65 -1705 80 64 210 -2176 19 15 -2259 1917 -2260 -1986 -1903 2486 1698 2111 2422 633 -1263 104 28 578 88 2492 2229 14 306 45 13 78 30 18 135 2138 3060 580 64 2084 428 191 29 46 -1761 97 442 2317 231 2147 436 -2242 453 508 797 -1894 3051 61 -2324 2260 1970 387 22 37 -1164 -1873 954 793 -1655 2188 -1748 18 -1872 17 21 330 76 20 2929 2994 133 -1421 -2213 418 14 -1862 2306 25 32 -1426 2000 101 348 345 2067 349 507 1767 203 2487
-1479 2764 -1485 -1627 -1583 984 1939 82 -1848 -2232 -1779 125 -1957 -1686 183 1746 -1540 -1515 23 66 759 65 -1709 80 64 210 -2177 53 15 -2280 1922 -2261 -2019 -1905 2495 1712 2112 2424 633 -1270 104 28 486 28 2500 2300 116 306 62 599 84 523 118 135 2158 3126 116 76 2179 941 10 35 47 -1765 97 18 2319 231 2181 288 -2258 75 508 13 -1925 3053 50 -2349 2269 1979 387 210 37 -1248 -1919 954 793 -1685 2189 -1755 249 -1881 17 21 330 414 20 2978 3041 775 -1487 -2217 418 434 -1863 2377 25 32 -1516 2002 15 93 85 2081 349 12 1772 203 2577
-1483 2773 -1524 -1631 -1597 984 1955 82 -1920 -2303 -1796 289 -1999 -1699 183 1802 -1562 -1593 23 839 759 65 -1710 80 64 210 -2181 166 15 -2356 1925 -2333 -2069 -1909 2498 1713 2114 2443 633 -1292 104 28 20 84 2508 2305 244 306 11 105 107 874 138 135 2162 3144 19 866 2229 304 118 13 18 -1766 97 25 2320 231 2184 17 -2260 671 508 993 -1928 3150 465 -2350 2273 1998 387 425 37 -1261 -1927 954 793 -1706 2246 -1756 15 -1885 17 21 330 13 20 2985 3042 10 -1535 -2230 418 845 -1869 2442 25 32 -1558 2052 14 208 410 2087 349 62 1775 203 2602
-1484 2819 -1541 -1669 -1639 984 2028 82 -1951 -2305 -1798 80 -2025 -1703 183 1864 -1597 -1616 23 105 759 65 -1713 80 64 210 -2211 34 15 -2388 1944 -2342 -2074 -1916 2502 1724 2115 2510 633 -1293 104 28 62 23 2524 2347 50 306 59 179 36 328 18 135 2165 3147 46 360 2230 35 324 26 66 -1782 97 45 2411 231 2282 49 -2268 613 508 19 -1951 3152 20 -2446 2274 1999 387 20 37 -1304 -1938 954 793 -1802 2274 -1764 154 -1889 17 21 330 15 20 2987 3043 43 -1549 -2251 418 11 -1896 2456 25 32 -1658 2125 13 506 650 2099 349 17 1781 203 2623
-1485 2830 -1628 -1700 -1645 984 2031 82 -1971 -2341 -1799 10 -2026 -1706 183 1869 -1602 -1617 23 53 759 65 -1722 80 64 210 -2223 132 15 -2412 1953 -2399 -2079 -1950 2586 1734 2122 2534 633 -1316 104 28 44 825 2614 2366 23 306 18 91 566 87 16 135 2172 3149 565 57 2251 102 104 41 665 -1844 97 236 2413 231 2286 11 -2309 144 508 15 -1974 3153 14 -2458 2317 2096 387 95 37 -1350 -1977 954 793 -1857 2280 -1767 78 -1946 17 21 330 508 20 2989 3116 29 -1557 -2308 418 140 -1898 2541 25 32 -1730 2128 528 12 14 2120 349 129 1797 203 2632
-1527 2849 -1635 -1706 -1647 984 2042 82 -2035 -2345 -1800 103 -2122 -1729 183 1876 -1613 -1619 23 51 759 65 -1723 80 64 210 -2320 15 15 -2414 1993 -2431 -2116 -2015 2602 1736 2137 2549 633 -1320 104 28 14 272 2615 2390 144 306 40 255 16 173 26 135 2173 3164 779 26 2286 75 38 40 100 -1855 97 11 2414 231 2287 674 -2347 185 508 720 -1975 3156 22 -2488 2343 2158 387 434 37 -1414 -1994 954 793 -1864 2308 -1771 174 -1949 17 21 330 91 20 3041 3163 208 -1645 -2310 418 80 -1969 2542 25 32 -1797 2133 419 249 11 2154 349 41 1798 203 2635
-1533 2909 -1657 -1707 -1650 984 2045 82 -2045 -2346 -1803 233 -2126 -1741 183 1880 -1634 -1620 23 94 759 65 -1724 80 64 210 -2335 172 15 -2461 2026 -2478 -2118 -2107 2603 1762 2236 2550 633 -1374 104 28 14 255 2635 2434 103 306 12 54 460 17 640 135 2235 3192 90 873 2293 960 14 51 20 -1859 97 17 2507 231 2350 178 -2353 675 508 126 -2010 3157 245 -2503 2356 2166 387 31 37 -1498 -2000 954 793 -1939 2325 -1792 419 -1950 17 21 330 200 20 3043 3197 716 -1646 -2331 418 53 -2047 2550 25 32 -1798 2147 272 16 31 2156 349 13 1896 203 2637
-1539 2930 -1728 -1805 -1672 984 2049 82 -2095 -2375 -1812 59 -2201 -1743 183 1933 -1636 -1626 23 72 759 65 -1742 80 64 210 -2340 10 15 -2483 2038 -2487 -2134 -2121 2608 1765 2246 2553 633 -1407 104 28 16 584 2636 2437 13 306 367 869 386 13 264 135 2283 3199 55 216 2336 52 21 34 24 -1860 97 17 2513 231 2352 381 -2357 12 508 24 -2011 3162 344 -2580 2362 2228 387 61 37 -1503 -2007 954 793 -1944 2332 -1796 264 -1956 17 21 330 607 20 3051 3247 36 -1651 -2405 418 292 -2093 2560 25 32 -1807 2148 30 32 31 2248 349 16 1899 203 2641
-1543 2953 -1746 -1807 -1682 984 2050 82 -2102 -2379 -1871 32 -2242 -1774 183 1941 -1644 -1645 23 14 759 65 -1754 80 64 210 -2386 144 15 -2491 2124 -2502 -2137 -2124 2708 1769 2259 2557 633 -1408 104 28 19 14 2647 2453 302 306 373 902 70 338 743 135 2358 3231 339 13 2348 48 40 527 136 -1946 97 63 2519 231 2354 406 -2360 822 508 19 -2013 3174 598 -2581 2367 2250 387 57 37 -1506 -2045 954 793 -1958 2333 -1797 152 -1967 17 21 330 55 20 3140 3283 162 -1720 -2429 418 88 -2095 2565 25 32 -1840 2150 15 639 268 2250 349 130 1935 203 2664
-1573 2958 -1749 -1826 -1693 984 2052 82 -2117 -2461 -1891 461 -2258 -1816 183 2038 -1648 -1681 23 743 759 65 -1837 80 64 210 -2459 945 15 -2501 2129 -2505 -2139 -2170 2722 1861 2290 2565 633 -1414 104 28 81 599 2694 2500 961 306 18 503 268 16 39 135 2401 3248 87 677 2349 51 81 48 89 -1972 97 38 2529 231 2359 267 -2362 274 508 322 -2018 3175 99 -2587 2369 2254 387 207 37 -1508 -2059 954 793 -2031 2393 -1800 731 -2047 17 21 330 99 20 3143 3285 96 -1723 -2472 418 177 -2096 2571 25 32 -1847 2167 288 25 291 2257 349 493 1969 203 2669
-1604 2966 -1751 -1828 -1783 984 2056 82 -2123 -2483 -1892 316 -2263 -1820 183 2041 -1710 -1767 23 53 759 65 -1849 80 64 210 -2544 26 15 -2502 2161 -2549 -2142 -2172 2724 1876 2377 2586 633 -1462 104 28 78 19 2695 2553 122 306 11 284 28 185 20 135 2489 3250 554 30 2380 18 21 105 213 -2043 97 345 2530 231 2362 999 -2368 156 508 40 -2063 3228 116 -2595 2372 2319 387 67 37 -1510 -2069 954 793 -2045 2470 -1806 18 -2078 17 21 330 34 20 3161 3286 407 -1725 -2487 418 19 -2098 2579 25 32 -1848 2266 51 11 720 2269 349 929 1978 203 2732
-1619 2972 -1838 -1856 -1799 984 2061 82 -2154 -2546 -1922 198 -2325 -1861 183 2071 -1763 -1769 23 862 759 65 -1869 80 64 210 -2545 315 15 -2538 2181 -2623 -2149 -2178 2728 1896 2387 2594 633 -1466 104 28 11 27 2697 2600 296 306 727 85 39 57 103 135 2499 3253 37 45 2385 752 45 920 119 -2044 97 17 2556 231 2368 55 -2369 109 508 21 -2076 3235 45 -2608 2379 2320 387 330 37 -1599 -2077 954 793 -2050 2473 -1831 44 -2117 17 21 330 51 20 3163 3288 21 -1771 -2488 418 266 -2101 2595 25 32 -1858 2273 23 457 170 2271 349 668 1981 203 2735
-1621 2995 -1843 -1884 -1827 984 2064 82 -2158 -2569 -1957 23 -2328 -1884 183 2112 -1858 -1792 23 183 759 65 -1874 80 64 210 -2568 38 15 -2585 2188 -2626 -2152 -2184 2739 1919 2392 2613 633 -1478 104 28 75 98 2784 2602 37 306 687 43 225 67 54 135 2532 3254 61 158 2394 163 959 350 50 -2046 97 31 2558 231 2370 677 -2371 693 508 448 -2176 3269 19 -2614 2381 2322 387 41 37 -1638 -2081 954 793 -2056 2487 -1868 545 -2193 17 21 330 341 20 3195 3320 145 -1800 -2505 418 39 -2106 2596 25 32 -1862 2278 112 19 731 2343 349 56 1986 203 2763
-1628 3027 -1845 -1886 -1845 984 2066 82 -2180 -2632 -1967 24 -2331 -1888 183 2126 -1870 -1793 23 57 759 65 -1875 80 64 210 -2569 156 15 -2597 2190 -2655 -2157 -2198 2743 1946 2405 2629 633 -1533 104 28 926 352 2802 2625 145 306 579 29 200 40 18 135 2533 3257 84 14 2397 13 401 23 14 -2052 97 91 2562 231 2396 851 -2401 46 508 158 -2178 3356 699 -2625 2393 2323 387 500 37 -1645 -2086 954 793 -2092 2490 -1873 455 -2249 17 21 330 82 20 3262 3335 52 -1803 -2524 418 39 -2116 2669 25 32 -1870 2327 413 27 186 2440 349 70 2023 203 2780
-1674 3041 -1847 -1902 -1852 984 2123 82 -2183 -2634 -1969 376 -2383 -1892 183 2133 -1918 -1799 23 533 759 65 -1918 80 64 210 -2571 14 15 -2598 2197 -2659 -2202 -2225 2771 1948 2408 2630 633 -1550 104 28 144 124 2832 2633 112 306 278 14 173 147 32 135 2534 3306 17 35 2434 20 314 62 42 -2106 97 36 2567 231 2406 88 -2441 579 508 445 -2186 3415 274 -2670 2396 2328 387 13 37 -1647 -2148 954 793 -2101 2517 -1876 62 -2272 17 21 330 35 20 3283 3363 25 -1819 -2545 418 46 -2150 2671 25 32 -1871 2371 185 45 114 2442 349 24 2029 203 2783
-1763 3066 -1871 -1906 -1860 984 2213 82 -2191 -2695 -1998 32 -2422 -1902 183 2154 -1925 -1808 23 860 759 65 -1920 80 64 210 -2596 113 15 -2643 2217 -2688 -2215 -2308 2797 1951 2503 2670 633 -1562 104 28 73 93 2835 2635 184 306 762 256 36 104 60 135 2561 3325 156 28 2436 29 431 501 206 -2112 97 805 2574 231 2420 778 -2443 209 508 200 -2187 3416 201 -2672 2479 2352 387 396 37 -1668 -2164 954 793 -2123 2527 -1903 961 -2283 17 21 330 23 20 3290 3366 13 -1822 -2552 418 994 -2165 2672 25 32 -1874 2379 110 909 664 2446 349 160 2071 203 2792
-1780 3073 -1880 -1911 -1957 984 2232 82 -2198 -2701 -2034 19 -2427 -1915 183 2184 -1927 -1885 23 18 759 65 -2008 80 64 210 -2602 174 15 -2676 2268 -2690 -2220 -2364 2798 1957 2505 2675 633 -1565 104 28 560 227 2839 2728 849 306 74 107 39 89 55 135 2567 3337 407 269 2464 152 16 39 263 -2127 97 115 2612 231 2423 116 -2458 650 508 492 -2201 3419 35 -2674 2481 2355 387 697 37 -1682 -2167 954 793 -2124 2530 -1905 583 -2292 17 21 330 30 20 3383 3454 91 -1825 -2559 418 12 -2186 2673 25 32 -1881 2380 114 35 57 2457 349 23 2075 203 2824
-1782 3075 -1884 -1915 -1972 984 2276 82 -2220 -2703 -2036 568 -2455 -1948 183 2267 -1937 -1893 23 806 759 65 -2034 80 64 210 -2614 394 15 -2679 2272 -2693 -2276 -2458 2848 2033 2506 2677 633 -1650 104 28 513 838 2906 2792 22 306 273 197 457 199 21 135 2570 3365 259 466 2471 653 505 558 201 -2136 97 11 2618 231 2433 611 -2486 418 508 230 -2208 3442 615 -2736 2482 2391 387 60 37 -1685 -2194 954 793 -2145 2540 -1906 191 -2294 17 21 330 667 20 3399 3472 27 -1833 -2591 418 79 -2188 2678 25 32 -1901 2405 45 30 212 2467 349 79 2096 203 2829
