15 15
55 -10 682 43 708 289 710 -50 83 104 191 335 209 757 75
47 -14 11 49 535 32 710 -55 229 104 273 328 217 126 75
-51 -19 12 64 30 231 710 -59 31 104 314 322 228 19 75
-54 -116 621 67 727 115 710 -60 20 104 319 287 251 144 75
-59 -125 193 86 691 28 710 -63 226 104 325 278 253 78 75
-150 -129 32 117 98 388 710 -64 62 104 414 275 314 213 75
-151 -137 17 118 293 59 710 -133 301 104 448 273 350 12 75
-153 -139 112 194 52 875 710 -151 71 104 483 272 396 89 75
-157 -140 42 195 194 57 710 -174 195 104 484 269 443 467 75
-193 -150 23 228 486 16 710 -177 139 104 486 267 462 30 75
-196 -167 10 258 26 12 710 -193 16 104 489 184 476 170 75
-247 -170 18 260 142 359 710 -217 97 104 495 181 480 40 75
-250 -172 33 263 63 13 710 -270 36 104 497 179 485 80 75
-275 -174 234 273 186 69 710 -284 248 104 511 178 519 184 75
-277 -186 108 287 63 18 710 -292 464 104 513 152 521 588 75
