136 146
134 860 172 81 547 51 508 253 93 1028 9 13 108 48 16 76 27 475 318 -53 9 284 435 -11 71 13 80 192 105 151 975 350 64 119 516 773 28 219 -44 148 120 -1 237 347 152 335 29 17 89 2 130 437 538 32 46 349 17 38 273 433 618 164 510 666 720 33 19 -38 186 18 239 88 149 12 96 8 20 21 389 42 33 447 38 12 397 179 59 198 122 35 16 269 536 964 264 57 113 835 76 173 147 592 63 317 204 863 776 -18 176 253 47 396 908 98 182 62 75 543 187 222 14 505 18 15 381 141 59 63 27 103 60 13 361 38 272 926 558 23 156 53 31 40 53 85 50 223
133 862 172 79 18 54 512 253 235 1044 -26 13 108 51 16 -13 91 156 318 -122 5 12 394 -16 74 21 129 147 105 23 62 431 72 119 516 149 28 235 -136 172 146 -69 237 347 152 337 -17 76 94 -6 132 437 26 27 114 374 17 -3 273 430 638 959 510 667 747 34 -3 -41 197 18 235 88 108 23 96 -67 23 55 347 46 34 447 -46 12 399 179 59 198 122 35 18 233 570 968 265 57 855 835 64 72 147 276 63 313 204 864 631 -45 174 116 859 396 19 98 182 72 27 526 16 879 119 515 13 118 20 142 51 68 40 23 80 17 384 44 273 669 656 23 195 59 364 101 53 89 50 160
127 864 172 78 142 73 561 253 83 1096 -55 13 108 78 16 -15 35 379 318 -130 -43 260 311 -18 101 609 130 146 105 18 567 443 114 119 516 106 28 237 -208 181 166 -75 237 347 152 355 -39 86 104 -63 134 437 14 383 125 386 17 -4 273 424 642 168 510 736 751 56 -7 -95 276 18 150 88 427 67 96 -105 24 944 336 49 100 447 -47 12 433 179 59 198 122 35 111 217 621 1003 266 57 73 835 32 12 147 19 63 240 204 943 70 -97 164 123 56 396 92 98 182 103 14 461 107 151 54 521 131 326 186 148 -1 70 104 64 88 58 424 52 276 19 683 23 80 94 65 125 53 90 50 158
124 906 172 76 14 90 565 253 187 1110 -63 13 108 80 16 -17 50 137 318 -165 -94 11 131 -36 154 164 132 143 105 49 99 452 154 119 516 174 28 297 -245 198 172 -77 237 347 152 360 -110 136 105 -64 180 437 877 29 126 407 17 -10 273 417 644 72 510 821 760 223 -14 -103 304 18 143 88 14 17 96 -108 37 39 308 57 114 447 -53 12 460 179 59 198 122 35 112 147 638 1005 314 57 14 835 653 75 147 93 63 235 204 945 863 -111 158 648 69 396 95 98 182 176 1 460 107 193 11 529 406 16 191 171 -6 71 183 54 89 28 455 73 304 60 688 23 124 125 102 185 53 188 50 117
122 926 172 69 33 92 567 253 667 1115 -65 13 108 83 16 -104 14 132 318 -166 -145 37 76 -56 163 108 156 142 105 57 78 454 252 119 516 33 28 298 -247 202 204 -78 237 347 152 365 -167 159 107 -105 181 437 11 357 127 411 17 -21 273 414 700 271 510 824 766 51 -50 -107 306 18 136 88 17 10 96 -109 39 55 306 60 116 447 -67 12 504 179 59 198 122 35 125 139 678 1072 394 57 583 835 410 138 147 689 63 234 204 946 25 -116 156 367 15 396 109 98 182 11 -18 457 163 29 533 607 84 10 82 187 -27 72 184 27 177 11 503 75 309 38 706 23 40 141 14 187 53 190 50 41
114 975 172 60 147 152 623 253 439 1120 -69 13 108 86 16 -106 154 939 318 -251 -153 101 17 -59 220 38 223 141 105 559 622 465 262 119 516 87 28 302 -254 235 206 -86 237 347 152 377 -233 160 112 -175 188 437 641 31 162 431 17 -24 273 408 711 130 510 849 767 518 -52 -119 327 18 89 88 19 499 96 -128 74 249 297 112 153 447 -132 12 553 179 59 198 122 35 130 137 681 1102 436 57 46 835 221 390 147 15 63 218 204 947 789 -211 155 59 676 396 20 98 182 125 -34 445 80 12 240 703 71 88 994 227 -48 91 187 24 202 22 527 78 312 96 733 23 64 201 554 188 53 207 50 40
89 1030 172 45 12 160 630 253 11 1206 -71 13 108 97 16 -109 75 211 318 -291 -176 185 295 -63 280 684 228 134 105 30 352 494 327 119 516 12 28 303 -290 268 225 -126 237 347 152 398 -243 211 189 -184 202 437 444 552 179 457 17 -26 273 406 732 41 510 859 769 10 -66 -122 359 18 -6 88 833 394 96 -148 75 179 289 124 155 447 -144 12 587 179 59 198 122 35 170 114 682 1111 437 57 201 835 73 64 147 52 63 127 204 982 24 -281 140 77 37 396 84 98 182 440 -61 434 17 68 38 704 788 990 32 267 -144 144 189 16 203 852 603 103 322 13 735 23 16 239 111 225 53 236 50 39
87 1032 172 -43 326 250 661 253 27 1233 -76 13 108 122 16 -113 15 20 318 -294 -227 192 244 -74 293 13 235 127 105 66 732 495 342 119 516 514 28 386 -318 279 322 -157 237 347 152 428 -245 242 192 -213 220 437 554 499 216 459 17 -31 273 392 756 21 510 861 777 284 -69 -128 382 18 -17 88 11 573 96 -220 99 62 279 129 156 447 -149 12 596 179 59 198 122 35 227 110 740 1112 484 57 12 835 50 254 147 236 63 126 204 1056 33 -284 133 296 207 396 20 98 182 767 -63 419 109 407 28 705 33 32 100 356 -147 154 217 77 204 197 608 109 323 804 776 23 14 304 246 300 53 262 50 25
72 1036 172 -46 73 281 667 253 279 1234 -81 13 108 130 16 -187 764 29 318 -330 -240 200 321 -131 377 65 246 100 105 10 90 525 344 119 516 140 28 391 -339 288 339 -165 237 347 152 438 -273 303 221 -222 238 437 130 181 244 496 17 -32 273 387 758 605 510 915 785 363 -96 -130 444 18 -30 88 448 18 96 -238 103 405 276 137 176 447 -210 12 618 179 59 198 122 35 283 76 746 1136 486 57 64 835 457 717 147 106 63 124 204 1070 35 -285 98 80 58 396 336 98 182 73 -75 411 330 409 515 718 122 54 52 359 -159 229 220 156 239 267 618 122 341 13 777 23 24 345 343 309 53 268 50 22
70 1041 172 -48 14 315 684 253 28 1279 -175 13 108 131 16 -195 48 21 318 -403 -248 237 94 -136 414 127 247 41 105 78 21 529 347 119 516 368 28 438 -353 342 347 -170 237 347 152 482 -278 363 224 -223 245 437 348 13 263 500 17 -34 273 370 764 89 510 916 801 99 -162 -213 459 18 -122 88 580 443 96 -240 119 653 260 195 198 447 -299 12 640 179 59 198 122 35 295 67 767 1147 487 57 27 835 15 753 147 893 63 121 204 1094 42 -314 96 64 39 396 23 98 182 13 -77 397 21 309 56 730 262 66 655 456 -165 295 224 39 290 225 621 127 391 49 789 23 261 352 33 316 53 276 50 17
68 1042 172 -64 644 328 710 253 741 1281 -177 13 108 137 16 -227 94 334 318 -410 -249 130 843 -150 418 10 249 35 105 356 517 530 359 119 516 73 28 443 -450 405 424 -248 237 347 152 484 -316 364 283 -227 247 437 14 186 319 502 17 -35 273 341 771 47 510 1008 811 191 -164 -299 472 18 -125 88 299 851 96 -244 129 14 259 196 203 447 -312 12 659 179 59 198 122 35 302 51 768 1159 497 57 206 835 156 65 147 322 63 120 204 1137 193 -330 95 28 613 396 24 98 182 108 -116 362 67 155 450 829 31 38 15 461 -192 387 246 346 334 424 630 137 397 12 799 23 534 361 389 338 53 322 50 16
67 1043 172 -72 507 349 762 253 279 1325 -179 13 108 181 16 -243 28 17 318 -448 -255 14 270 -157 424 702 263 -27 105 10 18 542 383 119 516 338 28 490 -503 411 449 -254 237 347 152 488 -405 366 307 -238 264 437 13 325 355 503 17 -102 273 304 802 881 510 1012 836 30 -169 -394 473 18 -136 88 12 11 96 -311 137 291 198 200 260 447 -411 12 678 179 59 198 122 35 368 50 773 1252 569 57 13 835 203 24 147 72 63 117 204 1180 35 -362 86 802 27 396 43 98 182 452 -129 346 155 38 190 863 15 165 85 497 -239 391 266 677 338 28 669 138 424 52 833 23 30 365 70 339 53 329 50 -41
62 1135 172 -116 207 351 765 253 37 1327 -181 13 108 184 16 -251 11 62 318 -453 -283 65 74 -159 432 32 265 -29 105 10 39 615 386 119 516 82 28 557 -513 453 450 -278 237 347 152 498 -408 368 308 -293 267 437 38 11 417 504 17 -104 273 302 805 115 510 1014 849 169 -182 -434 511 18 -216 88 12 29 96 -318 154 17 178 265 263 447 -414 12 684 179 59 198 122 35 370 49 864 1271 573 57 498 835 15 12 147 77 63 115 204 1187 39 -423 70 526 33 396 138 98 182 72 -136 272 17 22 419 871 212 47 413 503 -269 424 273 141 340 129 670 142 426 447 882 23 227 411 536 430 53 331 50 -67
44 1136 172 -124 245 413 769 253 164 1341 -197 13 108 186 16 -255 28 156 318 -464 -286 153 50 -166 455 446 280 -33 105 156 51 619 392 119 516 155 28 591 -587 456 452 -289 237 347 152 501 -441 377 328 -313 281 437 345 20 419 518 17 -116 273 233 809 29 510 1033 865 282 -183 -441 525 18 -219 88 769 383 96 -337 158 93 174 270 269 447 -431 12 714 179 59 198 122 35 468 48 867 1280 575 57 97 835 83 180 147 545 63 110 204 1188 599 -424 69 134 534 396 920 98 182 425 -151 270 11 164 372 895 56 425 380 510 -271 448 276 246 344 18 678 147 444 490 951 23 702 461 35 446 53 351 50 -70
43 1173 172 -154 20 471 852 253 90 1434 -204 13 108 218 16 -257 73 175 318 -546 -294 887 82 -225 458 263 346 -36 105 440 16 631 395 119 516 157 28 593 -683 463 467 -296 237 347 152 504 -445 380 331 -330 284 437 11 230 448 555 17 -119 273 226 810 21 510 1038 961 14 -184 -444 534 18 -232 88 105 88 96 -354 162 536 157 271 323 447 -434 12 723 179 59 198 122 35 482 46 871 1283 582 57 38 835 161 951 147 180 63 98 204 1263 14 -447 59 124 43 396 21 98 182 159 -185 219 26 10 24 897 352 384 49 514 -272 449 301 49 376 124 682 225 458 26 1031 23 20 526 586 508 53 356 50 -71
34 1259 172 -186 172 530 871 253 237 1442 -228 13 108 230 16 -265 35 36 318 -586 -296 174 86 -258 459 46 372 -43 105 21 225 636 396 119 516 119 28 595 -698 464 497 -297 237 347 152 577 -449 390 344 -335 294 437 22 79 512 566 17 -129 273 182 829 730 510 1121 986 28 -190 -531 561 18 -243 88 852 179 96 -390 172 506 69 313 339 447 -437 12 770 179 59 198 122 35 528 -42 878 1301 613 57 293 835 950 21 147 242 63 96 204 1289 334 -546 53 292 44 396 22 98 182 561 -191 218 34 12 46 898 87 164 465 517 -280 450 303 694 405 89 687 276 518 736 1034 23 11 528 182 509 53 359 50 -126
-31 1324 172 -194 120 574 898 253 61 1483 -233 13 108 244 16 -271 110 179 318 -616 -307 93 950 -296 502 17 375 -141 105 186 67 666 402 119 516 858 28 602 -707 465 509 -299 237 347 152 603 -462 420 348 -337 345 437 97 15 528 581 17 -133 273 179 840 228 510 1179 994 787 -199 -536 602 18 -315 88 303 305 96 -414 177 13 63 314 346 447 -442 12 807 179 59 198 122 35 534 -43 886 1305 708 57 40 835 274 192 147 411 63 83 204 1306 53 -564 51 138 341 396 13 98 182 567 -240 216 20 103 820 926 283 794 70 557 -282 548 310 54 420 117 693 278 550 850 1054 23 117 536 57 511 53 409 50 -130
-32 1326 172 -216 28 576 916 253 38 1492 -306 13 108 256 16 -305 24 45 318 -657 -334 17 568 -304 528 195 381 -145 105 41 54 678 407 119 516 20 28 685 -716 477 515 -301 237 347 152 605 -506 471 350 -339 388 437 660 36 532 588 17 -168 273 178 842 140 510 1181 996 128 -201 -566 609 18 -349 88 252 394 96 -416 208 172 59 328 386 447 -518 12 811 179 59 198 122 35 608 -70 899 1316 709 57 262 835 571 16 147 36 63 8 204 1327 76 -569 48 903 183 396 49 98 182 53 -241 214 29 20 54 934 771 12 513 574 -284 549 331 292 422 34 740 281 560 363 1146 23 22 586 95 518 53 418 50 -133
-34 1330 172 -266 519 614 1001 253 182 1507 -309 13 108 268 16 -309 13 746 318 -665 -344 20 193 -307 533 445 382 -155 105 542 489 682 416 119 516 12 28 688 -736 493 554 -337 237 347 152 610 -603 475 410 -341 403 437 255 278 561 594 17 -173 273 176 845 230 510 1188 1032 31 -203 -567 680 18 -389 88 68 60 96 -460 264 163 -31 353 399 447 -565 12 834 179 59 198 122 35 692 -73 903 1325 719 57 61 835 17 116 147 245 63 7 204 1329 180 -604 10 21 39 396 67 98 182 435 -247 210 86 21 296 961 239 27 30 581 -303 553 347 186 447 755 745 287 561 79 1183 23 383 653 20 609 53 449 50 -136
-39 1339 172 -275 613 617 1077 253 844 1508 -315 13 108 331 16 -315 129 581 318 -736 -351 33 143 -311 544 26 454 -218 105 30 14 729 435 119 516 519 28 712 -738 509 567 -338 237 347 152 630 -685 512 459 -343 404 437 969 187 564 618 17 -180 273 109 847 526 510 1201 1087 36 -207 -660 681 18 -398 88 560 78 96 -488 300 15 -98 369 400 447 -566 12 836 179 59 198 122 35 694 -102 938 1403 720 57 19 835 386 534 147 102 63 -50 204 1331 303 -613 7 81 80 396 32 98 182 148 -254 191 82 33 21 963 320 12 72 585 -309 563 348 299 451 554 776 301 601 229 1198 23 11 694 54 638 53 470 50 -160
-40 1429 172 -276 311 685 1163 253 33 1599 -365 13 108 332 16 -318 20 695 318 -824 -353 581 851 -315 545 12 459 -221 105 63 237 735 485 119 516 41 28 719 -761 539 599 -374 237 347 152 631 -692 513 461 -346 442 437 17 124 578 647 17 -218 273 62 862 16 510 1204 1090 674 -243 -666 685 18 -404 88 206 247 96 -492 314 105 -194 411 422 447 -567 12 837 179 59 198 122 35 791 -107 947 1434 721 57 28 835 315 75 147 286 63 -112 204 1354 13 -620 0 947 33 396 554 98 182 24 -297 179 26 961 45 1021 31 51 45 615 -311 566 384 63 462 35 796 306 658 22 1269 23 108 700 192 639 53 474 50 -163
-58 1440 172 -283 881 686 1167 253 55 1613 -367 13 108 336 16 -368 25 491 318 -894 -399 145 348 -316 552 191 485 -232 105 30 832 736 522 119 516 50 28 722 -767 541 600 -421 237 347 152 637 -698 515 473 -376 468 437 37 172 623 683 17 -230 273 -31 863 654 510 1209 1092 11 -308 -714 703 18 -415 88 276 240 96 -523 316 20 -196 418 451 447 -568 12 886 179 59 198 122 35 797 -185 979 1437 723 57 75 835 572 14 147 18 63 -137 204 1355 42 -623 -2 165 21 396 429 98 182 955 -305 138 956 114 16 1057 213 936 781 617 -312 601 403 86 465 30 804 307 660 74 1271 23 20 716 60 705 53 478 50 -177
-64 1441 172 -306 73 709 1168 253 23 1635 -423 13 108 389 16 -374 52 42 318 -959 -405 12 19 -396 553 11 486 -235 105 42 131 739 525 119 516 206 28 725 -789 596 606 -426 237 347 152 662 -700 572 476 -423 493 437 260 28 624 701 17 -233 273 -38 903 195 510 1262 1150 32 -309 -789 730 18 -424 88 578 86 96 -543 362 16 -199 420 457 447 -590 12 913 179 59 198 122 35 878 -217 990 1439 727 57 737 835 242 82 147 324 63 -140 204 1356 99 -627 -6 27 576 396 32 98 182 12 -310 132 15 181 347 1066 234 18 662 618 -371 659 432 189 467 24 808 316 661 53 1279 23 66 745 58 717 53 573 50 -190
-75 1444 172 -310 126 711 1265 253 570 1669 -454 13 108 393 16 -375 225 43 318 -970 -409 25 15 -401 589 347 496 -329 105 55 106 747 531 119 516 380 28 748 -834 618 616 -469 237 347 152 669 -738 585 570 -431 501 437 425 68 628 702 17 -236 273 -59 945 17 510 1265 1152 354 -387 -790 742 18 -425 88 310 631 96 -604 366 63 -201 435 459 447 -606 12 932 179 59 198 122 35 902 -230 1008 1446 752 57 94 835 36 14 147 113 63 -164 204 1357 274 -672 -24 605 31 396 17 98 182 16 -331 130 22 26 49 1099 19 15 71 635 -376 661 506 232 469 71 866 354 670 31 1281 23 37 788 411 748 53 590 50 -192
-86 1447 172 -319 75 718 1295 253 36 1675 -493 13 108 404 16 -448 16 600 318 -972 -437 367 21 -418 655 153 549 -337 105 13 118 750 533 119 516 420 28 750 -891 633 645 -478 237 347 152 745 -775 620 612 -432 520 437 13 698 630 722 17 -245 273 -60 985 25 510 1272 1157 41 -390 -798 811 18 -444 88 19 12 96 -606 370 50 -211 481 523 447 -616 12 933 179 59 198 122 35 904 -237 1023 1449 805 57 624 835 69 24 147 15 63 -170 204 1370 774 -676 -78 249 455 396 144 98 182 315 -336 128 428 40 113 1103 27 57 77 645 -378 668 512 329 474 15 877 378 674 619 1283 23 421 880 345 750 53 598 50 -196
-110 1455 172 -321 531 752 1301 253 23 1747 -524 13 108 410 16 -495 115 262 318 -978 -439 60 610 -423 661 583 550 -352 105 153 41 753 535 119 516 946 28 808 -892 637 732 -484 237 347 152 747 -866 627 620 -441 522 437 27 805 668 726 17 -250 273 -80 1002 345 510 1336 1192 13 -392 -850 844 18 -451 88 10 19 96 -620 371 45 -231 556 525 447 -640 12 942 179 59 198 122 35 912 -239 1031 1461 837 57 17 835 52 23 147 163 63 -171 204 1439 28 -720 -85 777 118 396 29 98 182 230 -340 120 964 17 565 1123 763 11 67 666 -384 669 515 24 515 20 883 448 710 256 1289 23 44 883 229 815 53 635 50 -263
-177 1456 172 -346 64 754 1333 253 12 1751 -532 13 108 433 16 -515 932 486 318 -1007 -440 68 92 -446 667 63 559 -373 105 10 322 756 537 119 516 150 28 842 -897 641 743 -490 237 347 152 795 -872 630 621 -528 529 437 884 40 675 731 17 -281 273 -84 1004 64 510 1395 1196 14 -404 -854 942 18 -452 88 17 11 96 -664 397 179 -232 635 528 447 -644 12 944 179 59 198 122 35 913 -279 1036 1489 841 57 67 835 12 48 147 28 63 -181 204 1447 11 -806 -101 37 45 396 388 98 182 79 -347 108 19 71 12 1129 590 703 22 667 -450 714 518 11 516 225 936 451 784 157 1294 23 581 903 75 818 53 670 50 -265
-202 1458 172 -413 59 814 1335 253 93 1757 -539 13 108 434 16 -563 770 69 318 -1041 -441 162 536 -504 760 333 563 -376 105 21 911 778 553 119 516 934 28 915 -938 730 815 -511 237 347 152 802 -873 632 647 -584 559 437 617 189 681 824 17 -294 273 -88 1006 59 510 1416 1198 11 -443 -875 975 18 -455 88 225 190 96 -668 405 493 -235 638 534 447 -651 12 946 179 59 198 122 35 914 -315 1063 1537 847 57 23 835 187 102 147 13 63 -182 204 1461 48 -808 -127 166 73 396 182 98 182 161 -392 107 245 11 448 1143 12 37 204 669 -455 716 520 16 610 793 956 513 787 21 1306 23 33 928 13 819 53 677 50 -282
-221 1460 172 -430 246 858 1350 253 58 1767 -540 13 108 526 16 -588 117 28 318 -1045 -444 36 114 -507 764 187 569 -411 105 227 122 861 555 119 516 79 28 950 -940 783 824 -518 237 347 152 806 -883 705 649 -603 564 437 481 806 760 830 17 -303 273 -91 1036 570 510 1460 1199 151 -446 -884 977 18 -499 88 246 562 96 -684 429 82 -267 642 535 447 -663 12 995 179 59 198 122 35 916 -316 1066 1613 862 57 426 835 54 149 147 27 63 -198 204 1468 236 -815 -132 35 14 396 231 98 182 163 -446 101 112 163 178 1229 59 120 15 670 -458 732 541 769 688 55 977 557 825 49 1308 23 16 954 240 821 53 679 50 -355
-223 1465 172 -438 164 870 1353 253 12 1836 -542 13 108 528 16 -601 240 23 318 -1046 -482 11 10 -522 768 28 570 -413 105 311 22 865 571 119 516 338 28 964 -991 785 890 -520 237 347 152 882 -887 714 728 -639 598 437 426 63 772 892 17 -384 273 -102 1038 168 510 1462 1202 24 -504 -885 979 18 -502 88 512 36 96 -694 435 363 -272 646 612 447 -707 12 1026 179 59 198 122 35 919 -326 1067 1625 922 57 58 835 694 39 147 58 63 -277 204 1479 518 -820 -204 157 34 396 13 98 182 16 -487 100 33 25 681 1232 22 30 120 674 -461 752 557 582 696 13 979 592 874 723 1317 23 140 960 37 824 53 691 50 -424
-224 1467 172 -445 210 873 1354 253 12 1868 -558 13 108 534 16 -602 143 49 318 -1083 -549 472 21 -563 771 75 597 -441 105 31 199 879 623 119 516 505 28 1002 -1027 790 976 -535 237 347 152 887 -923 723 795 -654 640 437 784 216 812 895 17 -387 273 -104 1115 621 510 1545 1203 26 -516 -903 980 18 -522 88 11 897 96 -696 438 16 -278 670 674 447 -710 12 1028 179 59 198 122 35 921 -327 1137 1630 926 57 16 835 909 159 147 302 63 -346 204 1542 18 -844 -233 457 10 396 228 98 182 407 -490 26 710 28 379 1254 51 230 34 715 -472 773 591 18 698 17 991 594 879 411 1369 23 26 963 48 826 53 703 50 -519
-231 1468 172 -490 301 898 1358 253 261 1875 -567 13 108 549 16 -605 23 577 318 -1099 -610 137 111 -565 779 902 600 -442 105 76 59 881 629 119 516 356 28 1004 -1029 792 1009 -552 237 347 152 899 -969 774 798 -674 645 437 10 84 825 902 17 -393 273 -117 1117 969 510 1546 1265 314 -531 -907 1073 18 -532 88 16 150 96 -790 493 87 -282 672 700 447 -727 12 1032 179 59 198 122 35 923 -367 1150 1654 930 57 22 835 14 207 147 182 63 -348 204 1544 90 -878 -240 383 189 396 764 98 182 133 -508 24 263 81 38 1297 11 100 12 719 -561 777 597 12 700 437 992 596 922 19 1417 23 27 985 21 829 53 736 50 -605
-245 1470 172 -491 386 926 1380 253 793 1939 -575 13 108 552 16 -609 13 75 318 -1121 -625 456 106 -573 798 53 635 -482 105 941 25 896 633 119 516 115 28 1046 -1080 832 1031 -553 237 347 152 902 -979 790 807 -680 646 437 21 44 826 976 17 -416 273 -120 1143 295 510 1549 1269 129 -542 -908 1077 18 -552 88 157 188 96 -800 495 27 -286 685 728 447 -765 12 1050 179 59 198 122 35 962 -369 1152 1724 931 57 219 835 10 182 147 90 63 -349 204 1546 22 -921 -276 485 145 396 141 98 182 838 -581 -14 11 148 291 1341 11 19 805 729 -562 793 607 11 711 12 1002 625 971 68 1429 23 69 990 103 838 53 798 50 -608
-260 1474 172 -538 178 928 1396 253 733 1943 -580 13 108 593 16 -614 17 75 318 -1178 -645 200 929 -601 826 11 688 -537 105 183 346 938 634 119 516 180 28 1048 -1089 877 1034 -604 237 347 152 905 -1010 843 816 -688 669 437 54 13 904 1013 17 -420 273 -136 1149 33 510 1605 1306 34 -613 -913 1079 18 -553 88 50 26 96 -899 497 30 -300 722 745 447 -791 12 1062 179 59 198 122 35 964 -372 1189 1728 932 57 12 835 826 50 147 289 63 -417 204 1567 10 -974 -278 48 20 396 56 98 182 745 -601 -33 529 48 177 1351 17 22 945 732 -589 804 632 53 715 44 1005 627 1000 197 1439 23 102 1089 64 855 53 895 50 -615
-277 1477 172 -553 365 963 1469 253 294 1944 -591 13 108 596 16 -615 12 54 318 -1181 -652 681 148 -604 833 688 722 -542 105 167 40 1028 647 119 516 25 28 1064 -1090 880 1051 -678 237 347 152 908 -1029 929 822 -689 670 437 26 18 998 1024 17 -422 273 -139 1156 196 510 1675 1313 89 -618 -917 1173 18 -571 88 27 110 96 -905 502 222 -325 727 836 447 -885 12 1079 179 59 198 122 35 985 -387 1223 1742 981 57 262 835 22 89 147 43 63 -504 204 1621 63 -1017 -348 32 127 396 29 98 182 28 -604 -37 530 24 329 1357 268 46 230 809 -591 806 672 63 810 63 1010 630 1036 490 1466 23 98 1112 46 860 53 897 50 -624
-279 1486 172 -566 865 973 1540 253 188 1948 -619 13 108 619 16 -639 459 87 318 -1186 -690 74 85 -606 836 17 733 -552 105 498 13 1074 664 119 516 57 28 1090 -1156 885 1064 -686 237 347 152 910 -1036 1026 830 -702 676 437 60 34 1004 1026 17 -423 273 -142 1233 44 510 1680 1354 131 -676 -922 1183 18 -594 88 44 358 96 -907 514 47 -421 730 839 447 -897 12 1092 179 59 198 122 35 991 -398 1271 1745 1021 57 319 835 607 18 147 72 63 -526 204 1666 117 -1020 -367 122 181 396 46 98 182 148 -622 -40 31 40 709 1367 87 322 32 810 -603 825 680 127 898 38 1094 677 1112 330 1474 23 135 1141 34 866 53 935 50 -626
-282 1507 172 -658 350 978 1607 253 111 1951 -624 13 108 620 16 -700 101 39 318 -1195 -695 107 255 -701 837 455 734 -554 105 14 44 1099 672 119 516 56 28 1101 -1163 897 1134 -687 237 347 152 951 -1135 1036 860 -705 685 437 51 22 1016 1036 17 -440 273 -169 1254 315 510 1686 1436 231 -684 -958 1188 18 -604 88 60 59 96 -967 530 130 -423 732 908 447 -902 12 1094 179 59 198 122 35 1046 -403 1283 1764 1024 57 17 835 87 37 147 57 63 -530 204 1675 556 -1030 -420 606 735 396 916 98 182 51 -623 -72 25 57 808 1370 30 534 677 814 -605 836 745 197 900 610 1098 684 1147 215 1503 23 134 1229 278 924 53 940 50 -628
-283 1508 172 -729 33 981 1614 253 47 1977 -629 13 108 624 16 -800 375 79 318 -1200 -723 799 62 -708 870 927 736 -572 105 18 90 1108 674 119 516 119 28 1103 -1167 935 1225 -723 237 347 152 969 -1136 1088 863 -750 705 437 401 758 1019 1059 17 -444 273 -175 1263 392 510 1694 1461 11 -686 -995 1249 18 -692 88 447 304 96 -975 540 791 -482 735 975 447 -1000 12 1097 179 59 198 122 35 1087 -416 1293 1766 1027 57 36 835 644 84 147 15 63 -553 204 1680 89 -1034 -423 18 42 396 18 98 182 15 -624 -127 29 42 26 1388 364 279 10 816 -654 920 787 307 901 19 1100 696 1153 69 1505 23 954 1247 27 926 53 941 50 -632
-296 1538 172 -738 102 992 1691 253 188 2007 -631 13 108 626 16 -802 22 72 318 -1228 -724 233 789 -739 872 406 750 -577 105 23 90 1111 711 119 516 12 28 1118 -1170 1010 1228 -724 237 347 152 971 -1159 1122 864 -755 773 437 417 162 1032 1070 17 -456 273 -177 1335 114 510 1697 1463 20 -690 -1007 1256 18 -755 88 84 397 96 -1004 561 108 -485 786 982 447 -1036 12 1122 179 59 198 122 35 1102 -423 1301 1807 1090 57 12 835 334 35 147 283 63 -556 204 1715 20 -1096 -427 82 658 396 116 98 182 212 -665 -156 115 101 17 1392 587 863 184 833 -734 924 835 92 905 36 1107 704 1165 114 1507 23 33 1330 120 934 53 1040 50 -723
-298 1540 172 -745 789 997 1695 253 77 2008 -637 13 108 629 16 -825 14 70 318 -1230 -725 506 746 -762 873 639 760 -579 105 213 18 1196 713 119 516 10 28 1129 -1171 1028 1249 -725 237 347 152 984 -1163 1128 922 -758 780 437 239 375 1049 1072 17 -459 273 -179 1387 24 510 1719 1546 328 -735 -1008 1270 18 -787 88 120 39 96 -1009 568 12 -489 799 1015 447 -1104 12 1123 179 59 198 122 35 1104 -441 1304 1809 1160 57 424 835 777 46 147 86 63 -558 204 1716 275 -1101 -438 145 19 396 166 98 182 17 -666 -157 46 20 36 1429 256 13 148 844 -735 945 836 20 969 110 1136 710 1167 708 1566 23 36 1390 15 965 53 1041 50 -729
-367 1541 172 -767 42 1024 1754 253 12 2011 -710 13 108 637 16 -826 516 45 318 -1234 -726 403 23 -782 896 21 762 -581 105 752 157 1221 750 119 516 14 28 1158 -1193 1032 1252 -726 237 347 152 1013 -1176 1141 969 -778 865 437 13 14 1090 1073 17 -464 273 -186 1402 61 510 1727 1547 114 -782 -1021 1302 18 -795 88 37 356 96 -1014 644 482 -542 851 1027 447 -1118 12 1141 179 59 198 122 35 1109 -447 1384 1860 1161 57 37 835 16 209 147 343 63 -562 204 1717 48 -1104 -479 24 316 396 825 98 182 14 -670 -250 24 960 28 1433 17 23 150 847 -739 948 841 268 992 13 1149 720 1171 15 1620 23 31 1392 12 966 53 1069 50 -819
-391 1566 172 -830 412 1112 1761 253 454 2103 -713 13 108 647 16 -828 11 429 318 -1269 -755 749 27 -786 899 789 777 -595 105 53 92 1237 757 119 516 776 28 1163 -1207 1072 1291 -788 237 347 152 1014 -1181 1166 1027 -780 943 437 373 12 1100 1077 17 -465 273 -187 1404 341 510 1755 1549 323 -797 -1026 1324 18 -889 88 20 23 96 -1036 651 23 -561 920 1047 447 -1125 12 1204 179 59 198 122 35 1144 -450 1433 1865 1183 57 24 835 16 21 147 230 63 -573 204 1779 10 -1179 -486 23 558 396 10 98 182 11 -673 -314 20 34 89 1451 130 13 66 868 -741 1042 842 793 995 40 1151 735 1172 421 1642 23 167 1394 628 968 53 1080 50 -835
-490 1574 172 -844 16 1138 1786 253 16 2105 -728 13 108 664 16 -832 907 33 318 -1270 -827 151 853 -795 941 128 867 -627 105 131 145 1315 770 119 516 195 28 1212 -1250 1095 1364 -836 237 347 152 1030 -1227 1169 1039 -817 948 437 132 53 1103 1165 17 -466 273 -209 1498 29 510 1757 1552 16 -827 -1064 1391 18 -911 88 51 682 96 -1049 750 505 -563 990 1050 447 -1126 12 1209 179 59 198 122 35 1146 -501 1463 1912 1184 57 49 835 38 71 147 50 63 -575 204 1782 183 -1181 -522 633 90 396 232 98 182 223 -684 -327 967 196 42 1484 78 404 16 873 -755 1047 844 19 999 844 1168 800 1174 226 1645 23 179 1438 287 977 53 1097 50 -838
-493 1584 172 -911 605 1160 1796 253 618 2106 -729 13 108 692 16 -851 83 411 318 -1281 -891 598 18 -849 954 114 878 -628 105 105 352 1320 819 119 516 441 28 1241 -1343 1125 1446 -837 237 347 152 1056 -1229 1186 1041 -842 1010 437 165 11 1105 1190 17 -472 273 -214 1551 73 510 1762 1631 466 -830 -1146 1396 18 -912 88 126 536 96 -1051 766 17 -565 1011 1066 447 -1131 12 1228 179 59 198 122 35 1148 -502 1481 1917 1185 57 14 835 36 43 147 145 63 -601 204 1852 26 -1194 -539 932 58 396 67 98 182 947 -733 -329 51 29 201 1488 18 41 36 876 -765 1071 927 12 1028 170 1246 887 1201 81 1661 23 21 1446 51 986 53 1165 50 -867
-530 1587 172 -979 38 1175 1805 253 42 2107 -802 13 108 693 16 -853 82 30 318 -1284 -896 69 10 -879 958 12 894 -727 105 537 155 1347 892 119 516 14 28 1294 -1401 1132 1459 -839 237 347 152 1084 -1260 1188 1055 -844 1021 437 32 33 1135 1192 17 -480 273 -246 1597 150 510 1781 1632 109 -835 -1178 1401 18 -952 88 42 16 96 -1063 776 96 -569 1028 1131 447 -1132 12 1266 179 59 198 122 35 1150 -570 1517 1933 1214 57 26 835 99 53 147 16 63 -619 204 1854 29 -1202 -545 617 420 396 124 98 182 430 -749 -423 11 29 13 1490 235 87 162 878 -773 1093 976 871 1059 111 1250 889 1204 343 1690 23 12 1531 19 988 53 1173 50 -869
-553 1588 172 -980 52 1178 1809 253 13 2140 -805 13 108 695 16 -855 271 45 318 -1290 -901 67 24 -883 993 11 915 -729 105 36 220 1348 920 119 516 615 28 1346 -1416 1151 1470 -840 237 347 152 1112 -1262 1247 1058 -917 1058 437 53 526 1137 1239 17 -515 273 -261 1616 76 510 1784 1656 768 -838 -1269 1420 18 -954 88 14 412 96 -1067 856 73 -570 1029 1141 447 -1134 12 1307 179 59 198 122 35 1153 -572 1584 1938 1215 57 125 835 11 951 147 531 63 -684 204 1858 29 -1204 -549 713 713 396 89 98 182 736 -759 -434 379 270 199 1493 658 852 843 940 -779 1110 978 33 1071 18 1272 977 1207 149 1696 23 541 1539 205 1012 53 1179 50 -872
-561 1609 172 -981 436 1186 1847 253 634 2212 -831 13 108 697 16 -857 61 57 318 -1315 -929 643 49 -884 1078 82 947 -823 105 794 22 1436 1011 119 516 165 28 1436 -1425 1155 1476 -901 237 347 152 1118 -1267 1281 1064 -921 1064 437 19 10 1142 1248 17 -524 273 -277 1623 47 510 1788 1680 433 -841 -1274 1431 18 -958 88 106 166 96 -1082 867 304 -574 1044 1229 447 -1166 12 1375 179 59 198 122 35 1171 -573 1626 1948 1219 57 84 835 15 623 147 59 63 -687 204 1864 235 -1207 -560 344 110 396 142 98 182 43 -761 -475 145 123 224 1500 773 138 27 944 -793 1111 980 24 1074 94 1276 987 1215 11 1698 23 24 1542 11 1033 53 1184 50 -874
-599 1659 172 -1022 42 1207 1864 253 22 2217 -833 13 108 698 16 -896 10 285 318 -1319 -948 37 629 -885 1093 20 953 -825 105 338 663 1442 1016 119 516 24 28 1446 -1426 1173 1539 -914 237 347 152 1119 -1342 1349 1068 -995 1067 437 39 25 1190 1286 17 -619 273 -281 1625 643 510 1789 1770 47 -844 -1294 1432 18 -965 88 73 12 96 -1127 930 59 -576 1047 1236 447 -1188 12 1386 179 59 198 122 35 1177 -578 1631 1952 1220 57 446 835 19 753 147 13 63 -692 204 1869 15 -1209 -657 57 981 396 292 98 182 173 -853 -478 143 11 99 1507 153 451 510 960 -837 1115 1016 33 1136 991 1281 988 1216 833 1699 23 201 1588 283 1071 53 1186 50 -875
-605 1718 172 -1023 164 1214 1903 253 673 2275 -835 13 108 703 16 -901 261 94 318 -1356 -955 39 178 -967 1094 18 959 -878 105 172 410 1443 1019 119 516 316 28 1461 -1520 1174 1545 -916 237 347 152 1120 -1343 1352 1074 -1065 1071 437 981 240 1196 1292 17 -620 273 -302 1632 373 510 1817 1783 156 -848 -1328 1503 18 -986 88 274 25 96 -1131 932 546 -590 1048 1307 447 -1226 12 1388 179 59 198 122 35 1206 -579 1656 2010 1226 57 33 835 25 293 147 190 63 -752 204 1879 16 -1214 -664 181 166 396 21 98 182 107 -890 -481 379 755 302 1510 27 52 406 961 -840 1116 1019 10 1145 286 1285 991 1276 22 1701 23 816 1591 24 1073 53 1191 50 -937
-610 1774 172 -1058 78 1216 1928 253 109 2306 -921 13 108 708 16 -962 153 68 318 -1357 -1050 464 151 -1010 1183 85 963 -880 105 18 136 1452 1023 119 516 19 28 1505 -1531 1194 1548 -917 237 347 152 1122 -1346 1357 1083 -1068 1074 437 76 364 1205 1299 17 -663 273 -309 1713 286 510 1833 1842 208 -850 -1329 1509 18 -1001 88 18 903 96 -1219 936 210 -609 1050 1312 447 -1254 12 1391 179 59 198 122 35 1233 -632 1676 2016 1247 57 216 835 908 811 147 184 63 -755 204 1880 269 -1216 -667 501 669 396 362 98 182 130 -910 -523 31 126 532 1582 401 49 61 1061 -846 1123 1021 626 1152 38 1319 1043 1278 131 1703 23 452 1594 15 1077 53 1196 50 -978
-667 1777 172 -1063 245 1217 1929 253 543 2309 -924 13 108 760 16 -994 581 39 318 -1407 -1100 49 377 -1014 1201 19 1046 -882 105 12 330 1454 1104 119 516 59 28 1509 -1535 1244 1552 -992 237 347 152 1131 -1361 1423 1087 -1074 1101 437 35 23 1206 1301 17 -694 273 -312 1733 242 510 1910 1843 25 -895 -1377 1576 18 -1002 88 101 12 96 -1221 941 179 -617 1082 1334 447 -1261 12 1395 179 59 198 122 35 1239 -714 1679 2075 1249 57 54 835 94 50 147 133 63 -803 204 1890 918 -1234 -680 144 213 396 326 98 182 13 -927 -534 43 12 149 1596 53 335 97 1066 -939 1133 1024 203 1153 82 1321 1050 1331 570 1706 23 169 1595 254 1128 53 1197 50 -989
-685 1780 172 -1064 567 1224 1946 253 25 2341 -953 13 108 781 16 -1001 45 966 318 -1409 -1102 165 35 -1049 1267 267 1062 -893 105 12 222 1465 1109 119 516 14 28 1512 -1539 1251 1554 -1004 237 347 152 1159 -1368 1438 1103 -1128 1103 437 93 555 1208 1353 17 -716 273 -318 1736 607 510 1914 1850 490 -898 -1382 1577 18 -1003 88 90 269 96 -1248 985 547 -618 1089 1377 447 -1262 12 1404 179 59 198 122 35 1276 -737 1715 2144 1251 57 94 835 62 79 147 71 63 -805 204 1891 33 -1292 -696 397 24 396 14 98 182 247 -933 -535 999 317 943 1598 13 97 20 1067 -944 1135 1041 159 1181 276 1326 1053 1353 19 1778 23 623 1615 474 1155 53 1260 50 -995
-688 1810 172 -1065 862 1239 1961 253 573 2343 -977 13 108 790 16 -1002 646 70 318 -1411 -1105 78 709 -1055 1268 105 1063 -904 105 277 148 1477 1115 119 516 52 28 1572 -1542 1252 1556 -1013 237 347 152 1234 -1403 1440 1124 -1141 1109 437 74 834 1218 1361 17 -762 273 -319 1742 12 510 1915 1864 22 -910 -1401 1581 18 -1004 88 798 308 96 -1256 987 160 -620 1095 1383 447 -1283 12 1410 179 59 198 122 35 1280 -742 1716 2148 1293 57 45 835 235 966 147 441 63 -807 204 1910 32 -1374 -707 150 59 396 91 98 182 23 -935 -564 545 325 33 1637 297 13 140 1073 -985 1188 1072 652 1187 50 1331 1085 1429 525 1839 23 12 1657 19 1156 53 1268 50 -1042
-697 1813 172 -1067 152 1266 1977 253 266 2344 -979 13 108 796 16 -1023 53 24 318 -1469 -1137 12 230 -1059 1270 12 1085 -909 105 422 432 1487 1208 119 516 11 28 1573 -1543 1334 1608 -1014 237 347 152 1294 -1405 1441 1182 -1151 1168 437 783 12 1277 1362 17 -782 273 -341 1748 984 510 1916 1866 52 -915 -1415 1583 18 -1006 88 25 995 96 -1269 1050 44 -624 1097 1451 447 -1292 12 1418 179 59 198 122 35 1282 -776 1797 2163 1342 57 16 835 355 92 147 39 63 -811 204 1937 508 -1410 -712 922 23 396 22 98 182 198 -1024 -590 296 21 21 1734 16 394 63 1075 -990 1203 1073 54 1205 91 1347 1116 1522 50 1841 23 414 1662 676 1164 53 1315 50 -1065
-698 1821 172 -1069 19 1315 1981 253 74 2362 -997 13 108 848 16 -1041 74 318 318 -1470 -1144 229 977 -1063 1318 99 1088 -929 105 850 204 1505 1212 119 516 83 28 1620 -1545 1348 1609 -1019 237 347 152 1296 -1414 1486 1184 -1207 1169 437 40 22 1299 1377 17 -791 273 -390 1749 45 510 1927 1871 175 -999 -1513 1586 18 -1012 88 12 34 96 -1271 1051 31 -646 1098 1490 447 -1295 12 1421 179 59 198 122 35 1327 -794 1799 2255 1348 57 376 835 399 140 147 711 63 -828 204 1961 33 -1412 -757 402 131 396 538 98 182 15 -1034 -679 215 37 291 1736 393 38 186 1083 -992 1258 1131 31 1206 50 1348 1121 1533 37 1844 23 33 1663 222 1168 53 1346 50 -1069
-705 1839 172 -1070 273 1326 2065 253 486 2372 -1013 13 108 860 16 -1073 522 737 318 -1480 -1174 61 508 -1073 1366 24 1093 -981 105 278 13 1523 1298 119 516 392 28 1643 -1547 1418 1612 -1033 237 347 152 1299 -1514 1565 1187 -1299 1198 437 20 136 1301 1383 17 -814 273 -464 1751 16 510 2012 1873 111 -1008 -1530 1595 18 -1017 88 506 172 96 -1273 1075 439 -682 1157 1502 447 -1296 12 1480 179 59 198 122 35 1350 -818 1852 2257 1353 57 132 835 15 280 147 28 63 -842 204 1968 286 -1469 -784 60 13 396 68 98 182 31 -1046 -745 175 22 21 1743 532 41 86 1085 -995 1259 1138 553 1222 38 1358 1122 1547 58 1930 23 60 1664 292 1253 53 1349 50 -1111
-784 1841 172 -1075 455 1332 2068 253 28 2394 -1022 13 108 866 16 -1147 27 111 318 -1505 -1239 23 81 -1074 1389 47 1149 -1029 105 401 47 1583 1305 119 516 20 28 1652 -1597 1419 1614 -1048 237 347 152 1378 -1517 1594 1190 -1338 1210 437 691 105 1313 1393 17 -836 273 -473 1754 100 510 2041 1916 30 -1012 -1531 1602 18 -1055 88 70 769 96 -1324 1169 87 -714 1181 1556 447 -1362 12 1482 179 59 198 122 35 1353 -830 1878 2258 1354 57 43 835 208 15 147 111 63 -857 204 1970 35 -1479 -785 64 966 396 150 98 182 313 -1057 -793 523 12 134 1744 23 973 492 1088 -1007 1305 1162 439 1249 511 1423 1125 1550 821 1932 23 67 1731 547 1279 53 1350 50 -1115
-805 1907 172 -1110 46 1333 2106 253 213 2401 -1029 13 108 882 16 -1149 17 19 318 -1507 -1242 23 467 -1084 1413 71 1193 -1104 105 29 411 1585 1312 119 516 621 28 1657 -1599 1421 1645 -1054 237 347 152 1474 -1543 1598 1197 -1363 1252 437 35 76 1403 1404 17 -877 273 -556 1758 127 510 2117 1980 180 -1014 -1564 1612 18 -1121 88 98 11 96 -1325 1238 156 -724 1183 1559 447 -1368 12 1489 179 59 198 122 35 1356 -831 1882 2337 1355 57 12 835 72 76 147 50 63 -861 204 1978 132 -1512 -797 689 62 396 252 98 182 15 -1078 -798 298 105 370 1753 865 217 33 1098 -1010 1310 1166 126 1279 317 1432 1188 1602 13 1952 23 23 1750 260 1314 53 1353 50 -1119
-828 1913 172 -1122 177 1334 2124 253 548 2403 -1053 13 108 886 16 -1150 81 161 318 -1509 -1258 25 47 -1140 1477 17 1197 -1122 105 44 86 1589 1352 119 516 40 28 1672 -1600 1422 1646 -1134 237 347 152 1475 -1569 1604 1228 -1415 1263 437 622 301 1439 1409 17 -879 273 -595 1764 887 510 2195 1984 30 -1031 -1582 1622 18 -1122 88 27 189 96 -1329 1244 34 -747 1213 1564 447 -1369 12 1490 179 59 198 122 35 1357 -845 1906 2339 1357 57 99 835 202 48 147 769 63 -864 204 1991 12 -1602 -856 141 166 396 31 98 182 41 -1104 -802 21 231 54 1767 125 134 102 1099 -1096 1408 1232 485 1292 26 1433 1191 1627 488 1959 23 254 1756 439 1349 53 1355 50 -1157
-913 1991 172 -1125 805 1360 2125 253 26 2407 -1062 13 108 927 16 -1249 39 82 318 -1513 -1259 49 827 -1146 1543 15 1201 -1124 105 44 657 1592 1353 119 516 768 28 1758 -1613 1440 1666 -1136 237 347 152 1517 -1633 1660 1235 -1457 1306 437 353 839 1441 1449 17 -899 273 -599 1804 100 510 2233 1985 38 -1033 -1585 1628 18 -1214 88 24 40 96 -1371 1272 234 -751 1215 1573 447 -1442 12 1497 179 59 198 122 35 1398 -863 1950 2341 1362 57 28 835 176 15 147 16 63 -959 204 2000 122 -1621 -863 531 13 396 318 98 182 62 -1146 -854 498 11 233 1774 23 86 36 1100 -1158 1419 1233 35 1297 320 1438 1263 1700 54 2030 23 69 1809 67 1354 53 1358 50 -1160
-941 2019 172 -1129 308 1361 2141 253 14 2412 -1069 13 108 937 16 -1264 379 201 318 -1516 -1269 42 17 -1172 1546 48 1229 -1126 105 20 336 1626 1366 119 516 580 28 1759 -1618 1446 1667 -1153 237 347 152 1519 -1666 1662 1237 -1459 1367 437 22 435 1535 1454 17 -993 273 -610 1816 31 510 2245 2006 388 -1064 -1588 1635 18 -1218 88 61 141 96 -1385 1313 165 -796 1220 1577 447 -1447 12 1503 179 59 198 122 35 1411 -872 1967 2344 1410 57 32 835 845 380 147 72 63 -1034 204 2060 457 -1625 -866 307 21 396 195 98 182 28 -1193 -860 201 28 28 1791 347 35 16 1142 -1161 1427 1237 25 1299 14 1448 1353 1707 35 2048 23 58 1817 628 1363 53 1365 50 -1209
-987 2027 172 -1132 443 1363 2144 253 41 2414 -1133 13 108 957 16 -1309 656 754 318 -1521 -1273 324 128 -1190 1568 13 1275 -1216 105 427 33 1634 1392 119 516 853 28 1798 -1650 1457 1741 -1247 237 347 152 1535 -1690 1671 1240 -1462 1451 437 13 218 1543 1482 17 -1019 273 -613 1820 43 510 2269 2009 11 -1121 -1673 1638 18 -1219 88 86 22 96 -1448 1375 51 -841 1221 1578 447 -1448 12 1506 179 59 198 122 35 1484 -883 1976 2349 1414 57 342 835 16 37 147 346 63 -1036 204 2061 125 -1628 -916 80 19 396 11 98 182 28 -1266 -959 72 257 29 1796 11 29 99 1162 -1200 1433 1240 964 1306 80 1467 1381 1738 184 2116 23 265 1822 29 1379 53 1377 50 -1217
-1035 2113 172 -1133 496 1368 2160 253 641 2418 -1150 13 108 958 16 -1361 21 44 318 -1526 -1277 228 44 -1217 1579 99 1276 -1217 105 43 43 1731 1398 119 516 97 28 1807 -1653 1544 1761 -1249 237 347 152 1541 -1774 1685 1248 -1471 1457 437 120 399 1555 1486 17 -1069 273 -623 1895 24 510 2270 2011 706 -1123 -1713 1727 18 -1221 88 24 507 96 -1452 1376 264 -845 1228 1587 447 -1461 12 1526 179 59 198 122 35 1486 -930 2000 2424 1458 57 59 835 34 102 147 228 63 -1065 204 2064 579 -1630 -918 14 256 396 58 98 182 305 -1275 -979 536 109 48 1799 380 28 31 1179 -1207 1449 1312 965 1307 125 1469 1384 1739 151 2120 23 33 1834 23 1392 53 1378 50 -1218
-1055 2118 172 -1138 67 1370 2196 253 120 2423 -1168 13 108 1017 16 -1363 27 68 318 -1605 -1289 20 70 -1235 1619 13 1285 -1218 105 512 163 1797 1403 119 516 72 28 1820 -1661 1555 1770 -1254 237 347 152 1591 -1800 1784 1264 -1484 1458 437 162 303 1584 1500 17 -1137 273 -652 1898 14 510 2273 2014 60 -1124 -1715 1735 18 -1227 88 219 171 96 -1498 1407 23 -850 1233 1615 447 -1462 12 1527 179 59 198 122 35 1574 -962 2024 2442 1461 57 228 835 17 12 147 890 63 -1080 204 2088 563 -1631 -920 570 65 396 36 98 182 245 -1276 -1020 238 46 342 1800 680 68 95 1236 -1209 1451 1313 297 1349 233 1539 1446 1745 226 2124 23 30 1871 29 1419 53 1381 50 -1288
-1057 2143 172 -1140 20 1374 2212 253 15 2426 -1170 13 108 1027 16 -1381 29 16 318 -1622 -1320 654 300 -1237 1622 44 1305 -1220 105 16 34 1805 1408 119 516 253 28 1826 -1668 1590 1776 -1257 237 347 152 1599 -1867 1815 1267 -1491 1460 437 831 35 1603 1501 17 -1146 273 -655 1922 34 510 2275 2020 829 -1140 -1779 1739 18 -1240 88 60 109 96 -1505 1425 945 -859 1235 1617 447 -1473 12 1569 179 59 198 122 35 1576 -964 2031 2458 1464 57 109 835 138 507 147 98 63 -1118 204 2153 805 -1635 -923 420 134 396 968 98 182 545 -1279 -1027 488 14 106 1803 608 22 517 1242 -1249 1476 1334 510 1351 233 1548 1458 1787 211 2129 23 168 1874 17 1420 53 1394 50 -1360
-1067 2221 172 -1237 57 1383 2214 253 17 2429 -1209 13 108 1036 16 -1415 750 875 318 -1623 -1414 21 747 -1239 1628 21 1328 -1226 105 184 96 1884 1451 119 516 784 28 1916 -1686 1638 1780 -1284 237 347 152 1605 -1914 1816 1268 -1492 1539 437 20 145 1633 1508 17 -1147 273 -708 1927 455 510 2346 2028 28 -1175 -1823 1741 18 -1255 88 154 811 96 -1506 1433 18 -861 1312 1619 447 -1475 12 1581 179 59 198 122 35 1604 -972 2033 2459 1483 57 48 835 100 265 147 13 63 -1129 204 2156 141 -1637 -940 28 999 396 190 98 182 483 -1286 -1059 39 151 20 1808 552 18 76 1258 -1252 1478 1336 20 1355 56 1549 1471 1820 116 2163 23 89 1947 670 1421 53 1397 50 -1376
-1090 2235 172 -1259 167 1390 2225 253 15 2459 -1211 13 108 1037 16 -1421 77 614 318 -1656 -1415 217 422 -1257 1648 317 1357 -1228 105 24 289 1890 1470 119 516 153 28 1929 -1752 1659 1782 -1289 237 347 152 1616 -1923 1829 1306 -1495 1553 437 305 330 1634 1526 17 -1154 273 -730 1935 31 510 2403 2034 155 -1207 -1830 1742 18 -1278 88 148 147 96 -1568 1434 12 -872 1350 1626 447 -1524 12 1590 179 59 198 122 35 1607 -975 2077 2466 1488 57 281 835 123 20 147 28 63 -1131 204 2163 90 -1642 -943 536 801 396 10 98 182 26 -1326 -1069 82 248 24 1810 74 17 17 1292 -1256 1482 1338 708 1356 221 1585 1487 1840 176 2164 23 28 1949 30 1426 53 1407 50 -1379
-1097 2271 172 -1261 179 1391 2226 253 295 2461 -1262 13 108 1040 16 -1423 164 492 318 -1659 -1463 297 37 -1300 1650 825 1364 -1249 105 687 126 1895 1544 119 516 967 28 1947 -1810 1665 1785 -1299 237 347 152 1620 -1945 1833 1319 -1496 1556 437 282 548 1652 1528 17 -1206 273 -742 1940 52 510 2404 2039 511 -1291 -1846 1752 18 -1352 88 15 80 96 -1667 1438 10 -885 1354 1637 447 -1527 12 1601 179 59 198 122 35 1612 -978 2146 2469 1489 57 758 835 17 26 147 81 63 -1175 204 2210 129 -1645 -987 87 13 396 17 98 182 23 -1343 -1074 491 986 240 1833 623 135 23 1336 -1264 1504 1340 537 1357 88 1679 1513 1905 20 2172 23 23 1970 215 1446 53 1436 50 -1384
-1102 2273 172 -1347 35 1402 2229 253 681 2465 -1356 13 108 1057 16 -1441 26 156 318 -1662 -1524 102 17 -1307 1651 211 1365 -1295 105 88 559 1898 1575 119 516 39 28 1985 -1814 1680 1879 -1301 237 347 152 1621 -1985 1836 1325 -1525 1591 437 202 54 1660 1529 17 -1218 273 -751 1960 851 510 2472 2060 11 -1317 -1864 1754 18 -1355 88 622 21 96 -1670 1441 21 -897 1356 1646 447 -1529 12 1602 179 59 198 122 35 1637 -990 2212 2533 1492 57 13 835 480 32 147 64 63 -1202 204 2212 108 -1679 -1036 487 46 396 21 98 182 236 -1383 -1093 197 691 44 1834 258 13 228 1370 -1265 1575 1388 62 1366 262 1719 1610 1910 42 2173 23 84 1971 362 1474 53 1457 50 -1420
-1105 2276 172 -1350 128 1403 2235 253 295 2478 -1371 13 108 1105 16 -1442 514 10 318 -1664 -1565 50 249 -1310 1653 21 1369 -1296 105 21 280 1924 1606 119 516 735 28 1988 -1816 1691 1880 -1310 237 347 152 1625 -2073 1842 1328 -1529 1622 437 479 611 1666 1535 17 -1222 273 -758 1988 160 510 2475 2062 126 -1321 -1876 1755 18 -1396 88 18 265 96 -1671 1454 370 -937 1357 1692 447 -1534 12 1627 179 59 198 122 35 1647 -1035 2236 2538 1526 57 42 835 20 434 147 11 63 -1218 204 2222 51 -1684 -1062 113 296 396 10 98 182 271 -1390 -1102 50 655 16 1848 14 162 168 1401 -1266 1580 1396 530 1369 123 1729 1708 1932 839 2189 23 181 2004 28 1495 53 1458 50 -1435
-1117 2290 172 -1352 117 1450 2236 253 10 2479 -1376 13 108 1108 16 -1472 62 57 318 -1668 -1569 109 64 -1337 1731 36 1410 -1312 105 429 12 1926 1640 119 516 11 28 1994 -1831 1769 1882 -1311 237 347 152 1626 -2117 1852 1360 -1541 1629 437 52 16 1753 1538 17 -1305 273 -805 2049 32 510 2487 2066 394 -1323 -1878 1762 18 -1402 88 293 12 96 -1677 1497 248 -969 1358 1761 447 -1551 12 1651 179 59 198 122 35 1668 -1060 2237 2541 1527 57 332 835 55 30 147 390 63 -1263 204 2223 30 -1690 -1119 164 24 396 16 98 182 220 -1423 -1107 173 205 889 1870 89 159 599 1492 -1286 1674 1448 613 1381 129 1765 1736 1967 214 2253 23 17 2103 22 1553 53 1502 50 -1481
-1121 2310 172 -1443 11 1451 2238 253 339 2481 -1389 13 108 1126 16 -1485 188 537 318 -1685 -1571 45 883 -1361 1776 186 1414 -1318 105 694 12 1945 1641 119 516 303 28 1995 -1837 1781 1886 -1313 237 347 152 1677 -2125 1854 1362 -1544 1642 437 155 251 1784 1558 17 -1314 273 -813 2050 258 510 2489 2076 943 -1367 -1907 1781 18 -1421 88 232 12 96 -1764 1499 264 -984 1371 1769 447 -1554 12 1660 179 59 198 122 35 1669 -1061 2259 2594 1531 57 595 835 372 58 147 145 63 -1265 204 2225 573 -1720 -1121 685 21 396 20 98 182 13 -1431 -1122 58 280 706 1872 761 493 245 1494 -1334 1684 1451 125 1385 39 1785 1742 1977 11 2270 23 37 2124 440 1555 53 1544 50 -1485
-1155 2359 172 -1449 57 1452 2241 253 327 2483 -1460 13 108 1128 16 -1488 571 446 318 -1732 -1572 41 10 -1365 1780 50 1508 -1327 105 28 26 1956 1708 119 516 52 28 1997 -1843 1789 1897 -1329 237 347 152 1760 -2211 1858 1368 -1552 1653 437 30 72 1821 1567 17 -1321 273 -814 2062 18 510 2495 2083 46 -1372 -1908 1799 18 -1462 88 89 289 96 -1765 1551 114 -988 1385 1770 447 -1568 12 1661 179 59 198 122 35 1678 -1062 2267 2682 1539 57 403 835 412 227 147 87 63 -1269 204 2245 46 -1757 -1131 650 59 396 997 98 182 17 -1436 -1127 33 48 382 1929 389 45 17 1495 -1341 1747 1480 269 1416 312 1799 1758 2061 11 2328 23 356 2126 448 1561 53 1546 50 -1511
-1181 2417 172 -1450 16 1455 2255 253 60 2488 -1463 13 108 1175 16 -1492 327 43 318 -1734 -1576 179 309 -1389 1810 173 1577 -1348 105 81 388 2047 1716 119 516 232 28 2087 -1852 1795 1912 -1334 237 347 152 1794 -2224 1865 1369 -1561 1694 437 112 323 1826 1584 17 -1345 273 -817 2136 91 510 2497 2124 54 -1388 -1956 1892 18 -1463 88 24 26 96 -1787 1558 28 -991 1446 1791 447 -1588 12 1665 179 59 198 122 35 1709 -1072 2285 2686 1541 57 870 835 236 578 147 469 63 -1270 204 2265 451 -1758 -1133 16 414 396 22 98 182 188 -1471 -1130 73 193 23 1983 524 159 12 1497 -1345 1822 1486 684 1459 653 1807 1844 2064 162 2353 23 140 2131 14 1564 53 1584 50 -1512
-1196 2435 172 -1540 48 1457 2263 253 16 2490 -1482 13 108 1178 16 -1493 11 289 318 -1738 -1628 467 70 -1390 1814 325 1584 -1376 105 88 48 2051 1720 119 516 210 28 2091 -1853 1807 1916 -1337 237 347 152 1843 -2255 1877 1373 -1562 1696 437 247 103 1829 1596 17 -1349 273 -887 2138 26 510 2507 2137 837 -1421 -2008 1896 18 -1465 88 31 197 96 -1788 1560 140 -993 1465 1795 447 -1593 12 1733 179 59 198 122 35 1760 -1163 2295 2695 1543 57 593 835 377 65 147 344 63 -1275 204 2328 456 -1802 -1141 27 272 396 367 98 182 61 -1485 -1135 130 525 458 1984 142 277 1000 1554 -1350 1849 1488 36 1500 12 1840 1846 2085 849 2362 23 104 2133 41 1589 53 1608 50 -1569
-1272 2439 172 -1554 35 1470 2278 253 270 2494 -1483 13 108 1222 16 -1516 176 11 318 -1743 -1670 129 559 -1395 1815 190 1585 -1377 105 853 445 2053 1721 119 516 26 28 2101 -1864 1819 1922 -1339 237 347 152 1845 -2259 1880 1378 -1565 1727 437 108 21 1850 1597 17 -1364 273 -889 2149 261 510 2510 2142 13 -1422 -2010 1910 18 -1467 88 30 93 96 -1830 1562 180 -1002 1478 1823 447 -1596 12 1735 179 59 198 122 35 1771 -1196 2331 2698 1557 57 257 835 766 86 147 33 63 -1299 204 2330 229 -1873 -1231 789 145 396 131 98 182 142 -1522 -1137 410 10 973 2028 159 247 179 1557 -1379 1851 1531 22 1501 522 1891 1860 2128 103 2399 23 246 2135 367 1608 53 1612 50 -1571
-1319 2441 172 -1555 19 1475 2281 253 340 2540 -1485 13 108 1226 16 -1520 51 182 318 -1792 -1676 400 867 -1400 1868 15 1654 -1382 105 64 728 2059 1723 119 516 49 28 2103 -1875 1850 1923 -1346 237 347 152 1874 -2261 1896 1379 -1572 1750 437 21 985 1852 1605 17 -1415 273 -892 2165 16 510 2515 2146 561 -1436 -2078 1925 18 -1476 88 15 498 96 -1834 1570 37 -1008 1480 1828 447 -1618 12 1753 179 59 198 122 35 1772 -1199 2363 2699 1559 57 200 835 85 48 147 30 63 -1300 204 2331 225 -1908 -1240 252 93 396 142 98 182 760 -1606 -1171 17 345 38 2063 717 272 552 1559 -1412 1858 1549 956 1523 572 1940 1863 2131 10 2433 23 16 2139 469 1617 53 1648 50 -1611
-1329 2499 172 -1559 105 1528 2283 253 30 2542 -1507 13 108 1232 16 -1604 552 14 318 -1836 -1714 437 504 -1443 1895 28 1680 -1392 105 239 42 2065 1730 119 516 12 28 2131 -1876 1853 1928 -1356 237 347 152 1894 -2311 1926 1382 -1578 1775 437 190 317 1864 1629 17 -1421 273 -899 2166 18 510 2611 2220 11 -1461 -2087 1931 18 -1479 88 500 67 96 -1857 1587 90 -1018 1488 1833 447 -1620 12 1766 179 59 198 122 35 1804 -1206 2378 2738 1604 57 52 835 985 873 147 83 63 -1306 204 2333 50 -1918 -1243 26 56 396 73 98 182 31 -1653 -1175 644 188 748 2064 123 30 793 1602 -1427 1874 1553 130 1535 48 1948 1950 2142 102 2452 23 327 2160 18 1620 53 1649 50 -1632
-1405 2518 172 -1560 541 1529 2321 253 19 2544 -1544 13 108 1258 16 -1608 12 18 318 -1866 -1752 27 148 -1516 1903 629 1699 -1412 105 25 905 2163 1732 119 516 85 28 2138 -1879 1896 1974 -1435 237 347 152 1899 -2312 1978 1383 -1588 1851 437 284 77 1876 1632 17 -1481 273 -918 2167 19 510 2631 2222 13 -1468 -2134 1957 18 -1499 88 49 462 96 -1859 1603 19 -1033 1493 1839 447 -1631 12 1774 179 59 198 122 35 1808 -1209 2389 2778 1617 57 87 835 148 281 147 411 63 -1319 204 2346 377 -1919 -1246 58 109 396 28 98 182 364 -1725 -1177 323 481 697 2065 25 317 49 1604 -1501 1881 1574 15 1633 990 1954 1996 2143 159 2461 23 131 2185 83 1625 53 1721 50 -1635
-1465 2554 172 -1586 665 1622 2409 253 659 2546 -1547 13 108 1268 16 -1643 70 94 318 -1877 -1842 11 349 -1518 1906 16 1701 -1414 105 39 819 2164 1751 119 516 64 28 2156 -1880 1988 2051 -1448 237 347 152 1970 -2378 1982 1400 -1600 1854 437 26 117 1895 1651 17 -1557 273 -1005 2176 471 510 2721 2224 24 -1469 -2141 1964 18 -1561 88 522 66 96 -1862 1604 862 -1104 1495 1866 447 -1635 12 1785 179 59 198 122 35 1813 -1226 2392 2780 1672 57 629 835 112 178 147 165 63 -1320 204 2384 137 -1932 -1277 37 307 396 21 98 182 634 -1779 -1275 11 78 11 2101 28 149 70 1605 -1560 1927 1576 14 1658 47 1976 2060 2156 361 2463 23 589 2262 123 1639 53 1729 50 -1639
-1469 2556 172 -1587 967 1623 2432 253 43 2601 -1587 13 108 1288 16 -1655 14 482 318 -1896 -1849 890 31 -1520 1948 36 1714 -1439 105 722 21 2167 1772 119 516 473 28 2164 -1913 2001 2111 -1454 237 347 152 1971 -2424 1995 1466 -1624 1857 437 13 56 1898 1746 17 -1559 273 -1006 2178 30 510 2722 2296 90 -1495 -2211 1967 18 -1589 88 26 497 96 -1887 1605 21 -1109 1496 1881 447 -1640 12 1830 179 59 198 122 35 1816 -1249 2404 2835 1685 57 103 835 62 51 147 10 63 -1355 204 2392 112 -1934 -1293 196 912 396 31 98 182 43 -1873 -1343 17 143 614 2124 268 11 170 1607 -1654 1933 1579 751 1666 306 1979 2061 2158 13 2522 23 147 2358 490 1681 53 1733 50 -1649
-1479 2558 172 -1607 36 1627 2453 253 57 2603 -1593 13 108 1364 16 -1666 43 143 318 -1936 -1887 350 692 -1524 1949 982 1721 -1466 105 399 161 2169 1773 119 516 15 28 2177 -1924 2007 2115 -1465 237 347 152 1978 -2521 2002 1472 -1648 1859 437 117 312 1912 1759 17 -1563 273 -1021 2180 17 510 2724 2302 376 -1497 -2216 1968 18 -1593 88 743 16 96 -1894 1642 106 -1165 1497 1893 447 -1654 12 1883 179 59 198 122 35 1879 -1267 2415 2844 1763 57 135 835 161 44 147 226 63 -1379 204 2394 707 -1957 -1383 113 41 396 44 98 182 48 -1935 -1364 244 612 570 2178 184 190 13 1608 -1750 1936 1586 35 1672 215 1980 2063 2224 48 2528 23 11 2383 636 1683 53 1734 50 -1651
-1537 2559 172 -1609 124 1628 2500 253 20 2605 -1624 13 108 1367 16 -1691 37 855 318 -1945 -1888 59 23 -1529 2036 553 1785 -1473 105 24 56 2171 1775 119 516 29 28 2183 -1930 2017 2139 -1499 237 347 152 2002 -2595 2011 1523 -1661 1863 437 179 111 1914 1783 17 -1578 273 -1026 2191 51 510 2725 2304 12 -1501 -2290 1973 18 -1601 88 148 317 96 -1896 1643 816 -1223 1504 1899 447 -1703 12 1885 179 59 198 122 35 1916 -1331 2425 2847 1836 57 35 835 200 87 147 26 63 -1390 204 2397 280 -1958 -1476 253 215 396 216 98 182 723 -2019 -1420 721 62 217 2254 232 197 73 1612 -1772 1964 1588 706 1674 39 1982 2064 2228 390 2539 23 548 2393 86 1685 53 1761 50 -1652
-1553 2563 172 -1658 95 1638 2503 253 18 2609 -1657 13 108 1369 16 -1752 368 660 318 -1951 -1893 82 18 -1540 2040 13 1788 -1478 105 135 18 2186 1782 119 516 906 28 2186 -1933 2031 2157 -1514 237 347 152 2070 -2601 2012 1553 -1694 1865 437 92 14 1936 1801 17 -1580 273 -1055 2281 60 510 2728 2306 251 -1509 -2319 1974 18 -1603 88 19 270 96 -1903 1653 24 -1225 1595 1901 447 -1704 12 1892 179 59 198 122 35 2013 -1332 2523 2855 1845 57 46 835 111 67 147 72 63 -1392 204 2410 17 -1963 -1488 196 88 396 21 98 182 70 -2020 -1493 28 764 15 2268 166 41 54 1613 -1810 1971 1591 671 1675 430 2003 2074 2232 86 2638 23 241 2410 12 1770 53 1762 50 -1671
-1555 2582 172 -1690 99 1642 2517 253 18 2610 -1659 13 108 1372 16 -1838 125 430 318 -1956 -1896 39 70 -1567 2061 582 1800 -1552 105 63 180 2283 1784 119 516 16 28 2226 -1996 2087 2158 -1515 237 347 152 2071 -2607 2040 1558 -1704 1866 437 206 840 1939 1809 17 -1581 273 -1065 2284 81 510 2736 2366 274 -1510 -2343 1982 18 -1668 88 287 59 96 -1913 1724 297 -1226 1627 1918 447 -1710 12 1914 179 59 198 122 35 2017 -1347 2524 2864 1846 57 27 835 232 685 147 309 63 -1393 204 2416 497 -1964 -1499 30 461 396 548 98 182 391 -2028 -1496 38 33 15 2270 720 352 974 1617 -1835 2021 1593 14 1726 222 2017 2077 2269 56 2639 23 283 2424 326 1782 53 1763 50 -1680
-1576 2583 172 -1696 542 1643 2614 253 447 2621 -1685 13 108 1373 16 -1858 69 294 318 -1972 -1958 40 62 -1570 2063 76 1820 -1584 105 15 44 2289 1840 119 516 670 28 2252 -2029 2115 2206 -1613 237 347 152 2076 -2638 2043 1623 -1739 1933 437 886 51 1942 1811 17 -1661 273 -1067 2338 474 510 2737 2420 343 -1549 -2344 1985 18 -1698 88 93 40 96 -1914 1725 50 -1249 1629 1958 447 -1712 12 1916 179 59 198 122 35 2022 -1352 2529 2936 1868 57 16 835 41 319 147 13 63 -1407 204 2418 239 -1969 -1580 21 61 396 133 98 182 22 -2029 -1584 844 87 199 2285 76 21 57 1637 -1866 2026 1663 293 1739 16 2023 2079 2295 96 2648 23 225 2425 36 1823 53 1787 50 -1690
-1606 2591 172 -1697 11 1656 2642 253 415 2627 -1777 13 108 1405 16 -1876 34 726 318 -1980 -1959 27 12 -1573 2072 654 1840 -1592 105 81 880 2304 1866 119 516 26 28 2257 -2095 2174 2220 -1631 237 347 152 2078 -2696 2047 1631 -1805 1934 437 11 688 1989 1813 17 -1688 273 -1068 2339 45 510 2744 2421 251 -1614 -2347 1986 18 -1705 88 17 226 96 -1968 1764 758 -1263 1630 1959 447 -1751 12 1922 179 59 198 122 35 2052 -1368 2580 2975 1870 57 16 835 161 170 147 29 63 -1408 204 2425 20 -1980 -1591 179 136 396 220 98 182 25 -2081 -1633 57 555 39 2289 310 474 48 1692 -1867 2027 1750 995 1745 58 2032 2081 2347 47 2650 23 34 2446 13 1827 53 1791 50 -1731
-1638 2594 172 -1699 872 1751 2648 253 213 2631 -1782 13 108 1406 16 -1968 505 56 318 -1987 -1963 156 37 -1578 2076 258 1847 -1594 105 243 36 2342 1911 119 516 661 28 2342 -2104 2178 2283 -1633 237 347 152 2099 -2712 2092 1640 -1867 1936 437 29 14 1993 1814 17 -1689 273 -1069 2347 312 510 2840 2432 42 -1625 -2366 1989 18 -1797 88 328 171 96 -2035 1765 797 -1328 1678 1961 447 -1752 12 1936 179 59 198 122 35 2075 -1369 2585 3036 1884 57 338 835 51 400 147 104 63 -1437 204 2429 99 -2013 -1600 15 363 396 30 98 182 195 -2085 -1634 657 164 630 2379 248 198 28 1778 -1875 2127 1756 160 1753 113 2037 2098 2349 250 2691 23 284 2447 252 1833 53 1795 50 -1755
-1644 2598 172 -1720 816 1752 2662 253 34 2636 -1826 13 108 1410 16 -1969 778 14 318 -2004 -1997 11 13 -1668 2077 861 1857 -1595 105 16 112 2349 1918 119 516 386 28 2351 -2111 2186 2327 -1637 237 347 152 2101 -2732 2114 1663 -1893 1937 437 12 501 2082 1818 17 -1697 273 -1072 2348 204 510 2841 2437 11 -1634 -2394 2018 18 -1801 88 44 51 96 -2037 1770 52 -1421 1748 1974 447 -1763 12 1946 179 59 198 122 35 2087 -1423 2600 3038 1885 57 25 835 22 42 147 340 63 -1443 204 2472 193 -2039 -1646 306 301 396 182 98 182 624 -2086 -1636 17 27 27 2381 428 33 420 1780 -1921 2145 1758 233 1756 179 2041 2100 2362 51 2704 23 74 2462 269 1844 53 1838 50 -1783
-1651 2599 172 -1776 110 1755 2694 253 582 2644 -1867 13 108 1412 16 -1972 219 810 318 -2018 -2054 15 55 -1728 2122 160 1866 -1598 105 14 94 2372 1970 119 516 748 28 2399 -2112 2195 2333 -1669 237 347 152 2103 -2733 2123 1675 -1896 1999 437 171 166 2113 1899 17 -1706 273 -1127 2384 119 510 2844 2444 15 -1636 -2400 2031 18 -1803 88 98 141 96 -2071 1777 10 -1432 1754 2051 447 -1780 12 1952 179 59 198 122 35 2089 -1434 2604 3040 1921 57 33 835 43 415 147 88 63 -1452 204 2539 852 -2044 -1727 165 69 396 846 98 182 19 -2109 -1688 61 40 573 2386 79 109 18 1781 -1957 2152 1759 51 1758 83 2048 2115 2366 918 2721 23 71 2480 51 1845 53 1855 50 -1787
-1652 2605 172 -1779 28 1793 2722 253 921 2660 -1872 13 108 1414 16 -1980 55 302 318 -2072 -2059 12 113 -1731 2125 308 1896 -1619 105 30 17 2469 1973 119 516 65 28 2402 -2113 2200 2338 -1673 237 347 152 2109 -2735 2165 1700 -1898 2075 437 10 40 2117 1904 17 -1793 273 -1129 2407 421 510 2870 2476 196 -1637 -2409 2037 18 -1831 88 445 359 96 -2076 1784 57 -1467 1756 2054 447 -1787 12 1962 179 59 198 122 35 2094 -1483 2618 3059 1941 57 957 835 26 476 147 144 63 -1453 204 2553 86 -2069 -1734 281 49 396 453 98 182 20 -2119 -1690 73 15 126 2388 39 11 23 1783 -1959 2155 1762 14 1797 465 2071 2135 2369 18 2725 23 24 2513 12 1851 53 1857 50 -1813
-1716 2651 172 -1789 984 1798 2726 253 115 2662 -1938 13 108 1419 16 -2060 294 407 318 -2116 -2072 213 856 -1733 2127 45 1900 -1621 105 20 28 2475 1975 119 516 176 28 2406 -2169 2204 2340 -1703 237 347 152 2193 -2783 2166 1701 -1901 2165 437 769 437 2145 1910 17 -1880 273 -1131 2412 238 510 2946 2480 178 -1642 -2463 2050 18 -1832 88 104 166 96 -2081 1811 344 -1477 1762 2055 447 -1820 12 1974 179 59 198 122 35 2097 -1485 2703 3082 1948 57 241 835 86 21 147 754 63 -1483 204 2586 14 -2074 -1808 80 677 396 148 98 182 19 -2121 -1753 43 229 12 2464 17 46 202 1808 -1962 2164 1764 521 1798 14 2090 2140 2371 107 2785 23 162 2610 271 1872 53 1943 50 -1817
-1733 2678 172 -1791 40 1802 2761 253 174 2702 -1940 13 108 1456 16 -2096 23 69 318 -2124 -2104 122 38 -1736 2129 215 1901 -1686 105 143 56 2492 1977 119 516 385 28 2423 -2240 2234 2368 -1770 237 347 152 2202 -2832 2179 1705 -1905 2169 437 912 94 2146 1911 17 -1881 273 -1132 2459 428 510 2950 2538 13 -1644 -2466 2084 18 -1851 88 59 325 96 -2139 1815 103 -1480 1765 2066 447 -1828 12 1978 179 59 198 122 35 2171 -1491 2705 3084 1950 57 120 835 55 17 147 45 63 -1486 204 2602 11 -2133 -1813 48 401 396 81 98 182 140 -2135 -1816 694 626 37 2506 21 576 11 1812 -1964 2185 1804 670 1832 20 2109 2196 2372 403 2812 23 63 2709 11 1877 53 1948 50 -1835
-1738 2679 172 -1876 11 1863 2762 253 82 2704 -1968 13 108 1526 16 -2110 127 890 318 -2143 -2185 144 31 -1742 2139 438 1905 -1687 105 139 614 2507 2007 119 516 258 28 2427 -2265 2236 2369 -1800 237 347 152 2210 -2859 2185 1761 -1938 2171 437 14 323 2148 1912 17 -1911 273 -1139 2460 110 510 3014 2575 91 -1652 -2468 2085 18 -1911 88 434 670 96 -2169 1839 77 -1496 1781 2101 447 -1868 12 1983 179 59 198 122 35 2191 -1548 2717 3101 1968 57 304 835 785 12 147 101 63 -1516 204 2608 151 -2168 -1821 138 168 396 37 98 182 155 -2143 -1825 437 12 12 2536 679 49 184 1848 -1985 2232 1811 505 1857 151 2115 2214 2383 74 2813 23 777 2714 210 1880 53 1949 50 -1840
-1743 2681 172 -1941 21 1895 2765 253 54 2711 -1972 13 108 1554 16 -2139 310 178 318 -2151 -2213 958 303 -1744 2140 79 1920 -1761 105 59 182 2508 2030 119 516 352 28 2431 -2281 2245 2413 -1813 237 347 152 2218 -2865 2271 1765 -1982 2173 437 10 176 2169 1955 17 -1913 273 -1203 2468 48 510 3040 2584 439 -1685 -2470 2087 18 -1966 88 28 14 96 -2261 1845 409 -1506 1783 2146 447 -1925 12 1995 179 59 198 122 35 2197 -1554 2721 3162 1969 57 577 835 333 41 147 25 63 -1525 204 2616 238 -2173 -1878 806 73 396 15 98 182 52 -2182 -1844 407 23 503 2537 29 20 333 1854 -1990 2240 1888 127 1878 243 2119 2224 2387 60 2831 23 318 2717 375 1883 53 1952 50 -1847
-1745 2686 172 -1942 76 1897 2767 253 46 2716 -1986 13 108 1572 16 -2142 293 117 318 -2154 -2217 304 40 -1762 2236 247 1924 -1815 105 168 920 2510 2070 119 516 82 28 2433 -2286 2259 2429 -1815 237 347 152 2225 -2869 2278 1767 -2031 2179 437 154 15 2259 1959 17 -1914 273 -1211 2482 42 510 3056 2587 325 -1762 -2473 2129 18 -2004 88 92 194 96 -2265 1854 48 -1508 1831 2159 447 -1945 12 2094 179 59 198 122 35 2215 -1556 2722 3181 1970 57 778 835 12 15 147 510 63 -1527 204 2619 460 -2218 -1959 107 28 396 220 98 182 343 -2184 -1877 459 168 228 2554 11 18 854 1873 -1996 2260 1909 180 1955 14 2158 2226 2432 64 2833 23 12 2747 12 1929 53 1963 50 -1848
-1753 2689 172 -1943 61 1900 2834 253 129 2719 -2077 13 108 1575 16 -2149 280 946 318 -2159 -2224 599 419 -1763 2237 41 1933 -1866 105 19 876 2516 2072 119 516 28 28 2533 -2291 2273 2498 -1818 237 347 152 2262 -2877 2279 1770 -2037 2215 437 141 158 2287 1962 17 -1922 273 -1281 2486 107 510 3060 2591 330 -1766 -2484 2144 18 -2018 88 559 12 96 -2287 1932 18 -1510 1840 2213 447 -1956 12 2108 179 59 198 122 35 2225 -1584 2725 3242 1989 57 115 835 306 14 147 14 63 -1529 204 2623 11 -2260 -1974 45 39 396 65 98 182 201 -2185 -1883 38 152 557 2563 25 987 108 1879 -2085 2262 1911 72 1957 189 2159 2276 2434 44 2836 23 16 2750 17 1998 53 2009 50 -1851
-1809 2746 172 -1945 793 1957 2838 253 12 2721 -2094 13 108 1597 16 -2178 11 126 318 -2165 -2226 51 412 -1838 2248 103 1962 -1935 105 58 112 2551 2103 119 516 267 28 2535 -2333 2291 2500 -1852 237 347 152 2295 -2890 2351 1851 -2099 2220 437 184 604 2296 1966 17 -1967 273 -1300 2488 14 510 3151 2594 606 -1795 -2493 2146 18 -2028 88 60 204 96 -2289 1937 74 -1532 1845 2218 447 -1965 12 2129 179 59 198 122 35 2238 -1617 2732 3243 1994 57 839 835 289 998 147 44 63 -1575 204 2644 73 -2265 -1976 606 17 396 303 98 182 42 -2187 -1918 456 116 932 2565 29 57 57 1909 -2087 2278 1918 260 1959 21 2161 2331 2482 17 2857 23 302 2834 695 2010 53 2011 50 -1855
-1811 2747 172 -1961 229 1964 2839 253 793 2766 -2097 13 108 1601 16 -2258 193 206 318 -2169 -2251 154 15 -1872 2252 185 1978 -1936 105 232 441 2578 2105 119 516 56 28 2539 -2346 2305 2509 -1873 237 347 152 2298 -2895 2353 1883 -2169 2251 437 20 16 2304 2044 17 -1971 273 -1341 2491 135 510 3164 2606 201 -1803 -2494 2149 18 -2041 88 81 809 96 -2290 1942 161 -1552 1922 2222 447 -1982 12 2143 179 59 198 122 35 2242 -1703 2751 3263 2000 57 14 835 364 784 147 24 63 -1629 204 2734 666 -2276 -1982 43 234 396 468 98 182 342 -2227 -1988 45 24 18 2579 450 93 334 1920 -2135 2304 1956 17 1989 14 2239 2335 2515 656 2928 23 413 2837 18 2012 53 2020 50 -1858
-1881 2748 172 -1995 115 1967 2846 253 127 2815 -2109 13 108 1602 16 -2281 48 17 318 -2211 -2260 827 63 -1879 2322 31 1984 -1941 105 16 622 2579 2201 119 516 93 28 2572 -2351 2308 2568 -1896 237 347 152 2397 -2899 2355 1950 -2175 2257 437 460 15 2315 2076 17 -1974 273 -1347 2492 328 510 3245 2612 87 -1853 -2499 2154 18 -2067 88 26 698 96 -2323 2007 515 -1555 1931 2241 447 -2044 12 2212 179 59 198 122 35 2274 -1729 2806 3265 2020 57 189 835 23 415 147 48 63 -1630 204 2775 841 -2281 -2031 567 14 396 640 98 182 37 -2274 -1994 52 478 161 2581 95 790 12 1984 -2181 2319 1959 359 2085 963 2277 2417 2519 22 2999 23 70 2839 186 2013 53 2037 50 -1923
-1890 2768 172 -2014 39 1970 2851 253 15 2895 -2159 13 108 1688 16 -2341 587 234 318 -2214 -2336 10 758 -1880 2351 939 2048 -1956 105 15 13 2587 2202 119 516 100 28 2574 -2356 2311 2589 -1899 237 347 152 2455 -2902 2360 1958 -2178 2258 437 635 474 2364 2146 17 -1976 273 -1422 2500 18 510 3281 2614 89 -1861 -2575 2169 18 -2070 88 12 117 96 -2326 2012 176 -1589 1961 2272 447 -2093 12 2275 179 59 198 122 35 2276 -1740 2807 3363 2042 57 35 835 21 112 147 31 63 -1634 204 2788 19 -2299 -2038 56 558 396 116 98 182 54 -2278 -1995 56 94 41 2582 20 27 287 1987 -2232 2321 1960 450 2086 40 2278 2419 2534 651 3001 23 20 2851 251 2017 53 2097 50 -2014
-1891 2786 172 -2017 85 2013 2858 253 29 2920 -2161 13 108 1689 16 -2344 33 52 318 -2238 -2354 50 314 -1885 2403 31 2056 -1982 105 103 960 2593 2203 119 516 135 28 2577 -2387 2314 2617 -1903 237 347 152 2479 -2950 2376 2035 -2179 2278 437 847 451 2377 2148 17 -1981 273 -1476 2531 319 510 3287 2615 947 -1954 -2634 2174 18 -2079 88 51 10 96 -2338 2081 12 -1590 1969 2277 447 -2112 12 2373 179 59 198 122 35 2284 -1760 2823 3410 2085 57 29 835 37 96 147 868 63 -1639 204 2796 832 -2315 -2062 382 18 396 50 98 182 48 -2280 -1997 80 47 59 2589 61 208 52 2068 -2252 2384 1962 19 2087 12 2279 2427 2562 211 3084 23 11 2855 143 2023 53 2131 50 -2016
-1899 2787 172 -2107 26 2017 2887 253 206 2967 -2186 13 108 1691 16 -2347 27 49 318 -2243 -2390 23 230 -1894 2405 194 2062 -1990 105 125 60 2603 2228 119 516 175 28 2580 -2392 2326 2620 -1905 237 347 152 2487 -3029 2415 2036 -2191 2323 437 479 134 2403 2159 17 -1983 273 -1480 2539 185 510 3310 2645 170 -1989 -2635 2184 18 -2080 88 92 264 96 -2339 2090 372 -1606 1973 2279 447 -2200 12 2400 179 59 198 122 35 2291 -1761 2907 3422 2089 57 129 835 16 176 147 32 63 -1657 204 2797 65 -2319 -2105 33 667 396 274 98 182 596 -2284 -1998 49 13 350 2627 862 795 29 2078 -2315 2386 1997 304 2108 73 2309 2445 2570 525 3087 23 22 2859 33 2027 53 2136 50 -2018
-1912 2805 172 -2148 75 2041 2889 253 443 2990 -2191 13 108 1696 16 -2381 86 32 318 -2245 -2439 183 63 -1900 2408 311 2066 -2066 105 22 120 2606 2230 119 516 352 28 2584 -2465 2327 2631 -1997 237 347 152 2498 -3034 2418 2112 -2200 2367 437 31 737 2420 2244 17 -1991 273 -1516 2552 392 510 3327 2718 413 -2046 -2649 2185 18 -2101 88 676 29 96 -2340 2094 39 -1706 2000 2282 447 -2247 12 2416 179 59 198 122 35 2292 -1763 2910 3427 2090 57 85 835 96 281 147 608 63 -1665 204 2859 162 -2403 -2132 112 85 396 84 98 182 91 -2293 -2000 45 19 223 2721 28 355 563 2141 -2359 2409 2006 192 2110 173 2328 2446 2580 14 3132 23 19 2861 342 2071 53 2140 50 -2062
-1971 2834 172 -2155 25 2057 2975 253 300 3034 -2193 13 108 1708 16 -2382 970 18 318 -2247 -2475 464 37 -1946 2449 85 2083 -2074 105 886 150 2608 2238 119 516 131 28 2590 -2470 2330 2635 -2027 237 347 152 2509 -3039 2442 2113 -2201 2369 437 134 526 2491 2245 17 -2054 273 -1522 2567 15 510 3339 2724 875 -2079 -2650 2189 18 -2104 88 25 18 96 -2344 2095 18 -1717 2040 2293 447 -2274 12 2421 179 59 198 122 35 2315 -1806 2914 3437 2091 57 18 835 12 56 147 67 63 -1683 204 2864 41 -2416 -2143 79 17 396 13 98 182 220 -2305 -2005 520 197 72 2723 33 144 93 2174 -2360 2427 2014 137 2112 16 2329 2495 2596 633 3134 23 34 2863 224 2072 53 2181 50 -2075
-1974 2844 172 -2170 11 2140 2976 253 36 3041 -2200 13 108 1752 16 -2393 18 59 318 -2249 -2562 91 686 -1950 2451 276 2088 -2123 105 16 140 2625 2252 119 516 420 28 2598 -2479 2343 2638 -2032 237 347 152 2511 -3062 2445 2120 -2202 2392 437 44 58 2492 2246 17 -2079 273 -1619 2614 48 510 3340 2823 193 -2089 -2689 2193 18 -2107 88 129 12 96 -2369 2098 852 -1788 2041 2294 447 -2277 12 2447 179 59 198 122 35 2316 -1831 2951 3446 2094 57 88 835 231 406 147 125 63 -1688 204 2865 62 -2458 -2230 23 744 396 171 98 182 11 -2308 -2025 133 14 826 2725 497 739 23 2175 -2417 2464 2028 19 2113 166 2330 2502 2675 172 3155 23 294 2864 11 2083 53 2244 50 -2140
-1975 2846 172 -2173 765 2141 2979 253 77 3043 -2264 13 108 1821 16 -2396 929 49 318 -2251 -2574 15 517 -2013 2452 210 2105 -2131 105 506 22 2634 2260 119 516 17 28 2603 -2480 2346 2662 -2041 237 347 152 2520 -3114 2446 2157 -2204 2432 437 209 258 2494 2248 17 -2080 273 -1646 2619 365 510 3345 2839 57 -2142 -2691 2249 18 -2119 88 385 470 96 -2375 2099 876 -1802 2046 2346 447 -2299 12 2517 179 59 198 122 35 2321 -1834 2954 3455 2096 57 21 835 12 279 147 744 63 -1690 204 2911 10 -2465 -2247 24 68 396 50 98 182 548 -2353 -2028 14 23 37 2772 447 14 38 2191 -2419 2466 2045 18 2114 14 2336 2513 2677 114 3172 23 14 2886 13 2109 53 2287 50 -2142
-1979 2858 172 -2177 797 2173 2993 253 21 3049 -2291 13 108 1823 16 -2476 534 33 318 -2259 -2576 963 33 -2017 2489 64 2124 -2138 105 595 13 2679 2264 119 516 513 28 2639 -2551 2367 2669 -2058 237 347 152 2521 -3166 2457 2158 -2205 2437 437 644 364 2503 2307 17 -2084 273 -1648 2665 143 510 3355 2934 121 -2144 -2694 2304 18 -2123 88 20 128 96 -2398 2115 36 -1812 2049 2355 447 -2303 12 2594 179 59 198 122 35 2331 -1855 2956 3457 2100 57 73 835 17 280 147 616 63 -1736 204 2929 13 -2466 -2293 843 536 396 84 98 182 342 -2361 -2109 359 459 190 2773 156 333 82 2196 -2439 2471 2046 108 2199 130 2365 2525 2775 42 3180 23 21 2890 21 2160 53 2351 50 -2183
-2056 2866 172 -2178 163 2226 2994 253 37 3104 -2294 13 108 1856 16 -2546 210 24 318 -2270 -2582 15 94 -2018 2492 13 2131 -2180 105 146 49 2680 2266 119 516 25 28 2648 -2563 2368 2695 -2155 237 347 152 2612 -3231 2462 2176 -2226 2441 437 20 48 2555 2317 17 -2088 273 -1654 2672 120 510 3407 2975 409 -2148 -2707 2313 18 -2127 88 221 11 96 -2401 2118 61 -1871 2054 2357 447 -2311 12 2602 179 59 198 122 35 2383 -1862 2964 3467 2105 57 45 835 96 419 147 66 63 -1744 204 2943 439 -2517 -2298 113 21 396 871 98 182 97 -2363 -2159 143 193 30 2781 57 48 500 2209 -2490 2485 2048 771 2225 26 2368 2526 2859 11 3216 23 803 2914 168 2165 53 2375 50 -2193
-2064 2867 172 -2179 105 2247 3011 253 33 3130 -2371 13 108 1861 16 -2548 61 70 318 -2276 -2644 86 17 -2025 2497 49 2139 -2215 105 42 600 2681 2269 119 516 86 28 2722 -2565 2372 2703 -2157 237 347 152 2633 -3238 2465 2180 -2253 2500 437 350 23 2563 2364 17 -2092 273 -1655 2675 66 510 3440 3003 236 -2160 -2742 2361 18 -2141 88 275 47 96 -2423 2120 96 -1894 2056 2445 447 -2313 12 2603 179 59 198 122 35 2401 -1863 2971 3479 2198 57 12 835 27 32 147 314 63 -1830 204 2946 654 -2546 -2300 36 27 396 17 98 182 977 -2369 -2196 179 23 726 2784 842 664 52 2216 -2494 2579 2060 319 2240 682 2439 2538 2864 12 3218 23 13 2943 121 2192 53 2400 50 -2265
-2065 2941 172 -2202 271 2249 3095 253 170 3187 -2379 13 108 1875 16 -2553 374 34 318 -2342 -2662 17 30 -2055 2499 426 2142 -2274 105 38 46 2702 2293 119 516 712 28 2766 -2571 2378 2763 -2171 237 347 152 2712 -3319 2486 2189 -2254 2506 437 53 11 2612 2369 17 -2099 273 -1660 2745 361 510 3498 3005 26 -2166 -2746 2367 18 -2145 88 371 102 96 -2425 2126 18 -1896 2071 2492 447 -2315 12 2661 179 59 198 122 35 2424 -1865 2983 3518 2225 57 33 835 977 48 147 16 63 -1844 204 2948 179 -2560 -2308 101 36 396 41 98 182 308 -2375 -2209 22 298 449 2829 434 491 60 2277 -2498 2585 2062 77 2243 319 2507 2561 2888 70 3226 23 143 2987 46 2195 53 2417 50 -2266
-2112 2944 172 -2242 389 2253 3110 253 246 3235 -2417 13 108 1920 16 -2555 644 450 318 -2352 -2666 78 104 -2138 2513 280 2148 -2279 105 934 487 2708 2295 119 516 608 28 2802 -2574 2380 2767 -2175 237 347 152 2714 -3324 2494 2190 -2334 2510 437 451 94 2614 2371 17 -2105 273 -1664 2751 548 510 3520 3034 26 -2191 -2751 2409 18 -2146 88 33 15 96 -2518 2133 19 -1903 2074 2503 447 -2388 12 2678 179 59 198 122 35 2429 -1879 2987 3522 2234 57 19 835 966 71 147 35 63 -1888 204 2949 13 -2601 -2310 45 110 396 459 98 182 27 -2394 -2217 12 199 26 2846 204 99 66 2279 -2518 2587 2068 13 2259 14 2524 2602 2891 15 3245 23 11 2997 25 2198 53 2445 50 -2276
-2115 2955 172 -2326 27 2291 3124 253 260 3260 -2419 13 108 1968 16 -2564 47 11 318 -2354 -2696 966 74 -2201 2581 379 2175 -2286 105 681 27 2710 2334 119 516 174 28 2809 -2576 2383 2771 -2182 237 347 152 2728 -3334 2502 2195 -2373 2574 437 535 25 2628 2463 17 -2109 273 -1702 2754 118 510 3555 3129 594 -2285 -2753 2433 18 -2149 88 216 135 96 -2597 2138 553 -1906 2086 2553 447 -2413 12 2683 179 59 198 122 35 2493 -1884 2997 3546 2237 57 186 835 68 13 147 178 63 -1907 204 2968 43 -2603 -2393 16 78 396 23 98 182 168 -2430 -2234 100 409 76 2888 12 390 84 2288 -2580 2604 2089 730 2261 427 2526 2603 2898 31 3274 23 106 3015 28 2200 53 2453 50 -2277
-2116 2962 172 -2331 128 2294 3134 253 217 3263 -2424 13 108 1971 16 -2565 125 86 318 -2364 -2750 797 88 -2258 2583 16 2177 -2299 105 291 66 2718 2337 119 516 27 28 2812 -2612 2445 2774 -2186 237 347 152 2730 -3402 2515 2196 -2412 2576 437 480 412 2629 2464 17 -2115 273 -1704 2777 128 510 3624 3148 995 -2303 -2775 2519 18 -2152 88 365 59 96 -2611 2140 21 -1919 2095 2555 447 -2473 12 2701 179 59 198 122 35 2527 -1886 3007 3547 2272 57 12 835 86 665 147 872 63 -1909 204 3021 12 -2639 -2464 38 20 396 717 98 182 766 -2436 -2240 158 126 18 2893 31 498 172 2320 -2616 2608 2144 76 2267 154 2527 2671 2904 119 3282 23 24 3021 21 2225 53 2455 50 -2278
-2170 2972 172 -2332 102 2297 3138 253 149 3268 -2483 13 108 1973 16 -2566 25 81 318 -2366 -2766 53 25 -2269 2586 67 2181 -2337 105 56 66 2775 2371 119 516 643 28 2823 -2614 2451 2789 -2191 237 347 152 2732 -3416 2525 2290 -2502 2620 437 102 12 2644 2480 17 -2117 273 -1706 2825 89 510 3626 3153 114 -2305 -2805 2521 18 -2181 88 617 29 96 -2612 2159 17 -1934 2160 2577 447 -2477 12 2703 179 59 198 122 35 2528 -1889 3010 3645 2371 57 13 835 299 124 147 29 63 -1923 204 3113 16 -2683 -2556 30 204 396 27 98 182 336 -2448 -2266 227 368 731 2896 36 858 170 2346 -2638 2632 2211 10 2294 800 2531 2673 2906 76 3283 23 98 3022 172 2226 53 2506 50 -2282
-2184 2974 172 -2402 56 2333 3155 253 521 3364 -2498 13 108 1974 16 -2588 249 379 318 -2368 -2767 27 345 -2282 2592 742 2209 -2420 105 305 17 2778 2373 119 516 271 28 2839 -2616 2458 2793 -2238 237 347 152 2736 -3476 2535 2382 -2555 2693 437 13 778 2645 2487 17 -2124 273 -1707 2837 387 510 3630 3208 387 -2371 -2807 2534 18 -2187 88 176 19 96 -2615 2190 47 -1956 2165 2581 447 -2483 12 2711 179 59 198 122 35 2530 -1926 3012 3665 2389 57 328 835 17 247 147 226 63 -1961 204 3122 243 -2740 -2559 39 400 396 35 98 182 14 -2465 -2272 184 11 394 2899 75 31 511 2365 -2667 2635 2213 143 2312 562 2546 2679 2908 310 3303 23 198 3028 368 2227 53 2547 50 -2289
-2185 2987 172 -2403 220 2343 3202 253 378 3397 -2502 13 108 1980 16 -2610 150 245 318 -2378 -2804 93 31 -2287 2594 70 2276 -2422 105 93 980 2787 2420 119 516 170 28 2853 -2673 2492 2815 -2278 237 347 152 2755 -3478 2544 2408 -2560 2711 437 38 337 2646 2581 17 -2183 273 -1709 2843 293 510 3683 3211 132 -2398 -2833 2538 18 -2189 88 229 163 96 -2654 2203 82 -1962 2244 2636 447 -2484 12 2713 179 59 198 122 35 2553 -1941 3014 3672 2395 57 40 835 22 794 147 13 63 -2041 204 3126 20 -2744 -2643 392 40 396 22 98 182 55 -2468 -2363 20 11 531 2901 66 13 913 2432 -2672 2640 2239 955 2346 23 2590 2681 2909 55 3324 23 102 3034 366 2251 53 2620 50 -2349
-2254 2994 172 -2420 412 2350 3205 253 225 3437 -2507 13 108 1996 16 -2689 26 11 318 -2385 -2809 213 17 -2292 2615 938 2351 -2498 105 868 25 2798 2423 119 516 53 28 2867 -2678 2495 2834 -2280 237 347 152 2779 -3516 2632 2475 -2575 2717 437 10 835 2701 2637 17 -2185 273 -1737 2891 121 510 3689 3216 436 -2399 -2848 2560 18 -2194 88 479 181 96 -2670 2222 43 -1963 2281 2704 447 -2485 12 2750 179 59 198 122 35 2559 -1942 3056 3680 2401 57 42 835 198 34 147 12 63 -2057 204 3133 606 -2807 -2649 24 707 396 18 98 182 474 -2473 -2376 61 31 25 2963 11 21 155 2451 -2678 2649 2240 68 2355 512 2593 2718 2976 772 3344 23 20 3043 37 2254 53 2633 50 -2366
-2330 2996 172 -2480 75 2393 3223 253 151 3452 -2536 13 108 2037 16 -2721 306 39 318 -2387 -2817 551 45 -2346 2617 85 2398 -2554 105 568 29 2805 2499 119 516 696 28 2879 -2683 2501 2903 -2301 237 347 152 2799 -3518 2634 2476 -2577 2742 437 148 73 2703 2645 17 -2218 273 -1741 2991 46 510 3725 3217 258 -2403 -2858 2568 18 -2216 88 64 305 96 -2717 2239 901 -1971 2283 2738 447 -2486 12 2751 179 59 198 122 35 2561 -1963 3062 3682 2405 57 976 835 43 18 147 694 63 -2067 204 3175 501 -2809 -2670 292 223 396 571 98 182 14 -2498 -2386 719 881 965 2970 230 224 98 2454 -2679 2693 2248 23 2368 467 2599 2746 2992 315 3347 23 51 3045 13 2258 53 2635 50 -2375
-2378 2999 172 -2483 31 2397 3225 253 21 3459 -2559 13 108 2101 16 -2761 47 380 318 -2388 -2819 11 28 -2383 2620 100 2403 -2557 105 645 644 2815 2510 119 516 105 28 2884 -2688 2541 2904 -2348 237 347 152 2871 -3520 2637 2484 -2580 2744 437 14 330 2799 2657 17 -2222 273 -1749 3001 83 510 3767 3220 164 -2406 -2862 2581 18 -2218 88 26 59 96 -2721 2242 347 -1973 2285 2743 447 -2492 12 2766 179 59 198 122 35 2568 -2024 3073 3695 2433 57 154 835 151 18 147 103 63 -2070 204 3198 660 -2811 -2672 31 387 396 469 98 182 123 -2512 -2389 40 30 84 3012 267 10 861 2460 -2683 2695 2338 865 2436 102 2605 2748 3057 46 3401 23 303 3086 28 2260 53 2640 50 -2400
-2422 3001 172 -2560 17 2400 3227 253 15 3483 -2656 13 108 2111 16 -2770 147 351 318 -2422 -2905 287 233 -2385 2663 415 2427 -2558 105 779 28 2865 2514 119 516 35 28 2890 -2695 2543 2910 -2365 237 347 152 2927 -3529 2672 2490 -2643 2807 437 21 545 2807 2658 17 -2223 273 -1764 3006 278 510 3772 3224 198 -2411 -2873 2605 18 -2282 88 18 487 96 -2725 2248 66 -1974 2294 2745 447 -2522 12 2781 179 59 198 122 35 2570 -2040 3074 3776 2507 57 78 835 433 20 147 124 63 -2074 204 3201 36 -2873 -2676 820 16 396 24 98 182 211 -2581 -2390 67 44 289 3045 41 18 850 2552 -2697 2700 2364 14 2458 36 2608 2758 3058 17 3420 23 14 3185 368 2277 53 2651 50 -2402
-2424 3004 172 -2578 42 2428 3233 253 45 3486 -2674 13 108 2115 16 -2840 25 808 318 -2425 -2946 166 230 -2388 2680 355 2429 -2560 105 12 180 2883 2518 119 516 15 28 2894 -2700 2545 2919 -2397 237 347 152 2990 -3540 2675 2493 -2733 2830 437 758 629 2812 2732 17 -2244 273 -1775 3030 40 510 3851 3279 433 -2485 -2889 2623 18 -2294 88 174 68 96 -2786 2255 866 -2034 2325 2753 447 -2568 12 2787 179 59 198 122 35 2584 -2115 3130 3779 2602 57 718 835 247 41 147 106 63 -2128 204 3208 34 -2877 -2689 39 67 396 134 98 182 122 -2583 -2468 535 198 32 3089 82 34 10 2553 -2748 2720 2421 16 2473 182 2610 2759 3066 992 3441 23 128 3195 17 2278 53 2652 50 -2433
-2426 3017 172 -2580 34 2501 3275 253 520 3505 -2681 13 108 2126 16 -2849 101 76 318 -2429 -2948 19 66 -2407 2699 94 2433 -2564 105 105 15 2885 2519 119 516 367 28 2928 -2705 2571 2929 -2399 237 347 152 2993 -3543 2681 2500 -2736 2908 437 274 88 2857 2822 17 -2245 273 -1785 3049 12 510 3854 3287 248 -2499 -2892 2628 18 -2300 88 11 103 96 -2800 2257 24 -2067 2366 2800 447 -2576 12 2792 179 59 198 122 35 2608 -2117 3152 3781 2604 57 22 835 146 479 147 246 63 -2130 204 3210 13 -2884 -2732 453 20 396 131 98 182 20 -2595 -2561 11 13 109 3115 21 59 29 2556 -2765 2793 2424 297 2474 22 2623 2769 3069 61 3466 23 76 3197 456 2288 53 2656 50 -2435
-2434 3081 172 -2614 674 2512 3279 253 66 3512 -2696 13 108 2128 16 -2859 132 411 318 -2479 -2966 129 12 -2408 2701 850 2478 -2573 105 28 15 2897 2521 119 516 493 28 2953 -2718 2575 2960 -2443 237 347 152 2994 -3552 2709 2505 -2745 2934 437 342 18 2941 2829 17 -2303 273 -1787 3052 364 510 3935 3288 102 -2531 -2896 2635 18 -2309 88 95 17 96 -2801 2265 427 -2095 2369 2843 447 -2578 12 2805 179 59 198 122 35 2636 -2120 3153 3784 2612 57 989 835 392 583 147 60 63 -2214 204 3213 16 -2888 -2784 321 93 396 21 98 182 27 -2610 -2564 15 95 79 3116 61 241 72 2573 -2784 2813 2436 17 2533 13 2624 2776 3073 33 3475 23 34 3204 73 2313 53 2740 50 -2440
-2467 3093 172 -2616 737 2567 3281 253 495 3513 -2698 13 108 2139 16 -2861 10 357 318 -2560 -2999 451 108 -2410 2717 453 2500 -2604 105 49 26 2932 2544 119 516 79 28 3001 -2749 2577 3027 -2445 237 347 152 3006 -3557 2713 2509 -2780 2936 437 121 311 3039 2892 17 -2306 273 -1790 3059 167 510 3949 3290 55 -2536 -2898 2636 18 -2367 88 235 345 96 -2876 2271 11 -2109 2395 2851 447 -2579 12 2824 179 59 198 122 35 2638 -2192 3155 3801 2613 57 112 835 15 325 147 375 63 -2300 204 3215 82 -2962 -2785 13 18 396 14 98 182 25 -2616 -2580 354 33 53 3118 34 265 73 2575 -2786 2815 2438 18 2537 733 2641 2777 3076 84 3532 23 538 3238 321 2325 53 2743 50 -2446
-2470 3123 172 -2669 213 2618 3330 253 17 3515 -2699 13 108 2144 16 -2864 21 30 318 -2569 -3000 100 22 -2451 2728 96 2504 -2641 105 54 57 2936 2636 119 516 619 28 3029 -2751 2606 3102 -2497 237 347 152 3008 -3563 2716 2542 -2786 2939 437 26 238 3047 2893 17 -2308 273 -1792 3060 805 510 3994 3300 524 -2553 -2901 2649 18 -2370 88 605 54 96 -2896 2283 150 -2117 2399 2852 447 -2583 12 2830 179 59 198 122 35 2639 -2196 3158 3806 2627 57 129 835 116 16 147 171 63 -2318 204 3222 661 -3012 -2794 966 273 396 135 98 182 306 -2639 -2582 23 50 10 3123 301 100 129 2608 -2800 2816 2439 74 2551 414 2697 2785 3095 10 3533 23 200 3248 40 2367 53 2830 50 -2449
-2501 3187 172 -2675 512 2622 3372 253 22 3524 -2706 13 108 2147 16 -2906 604 101 318 -2580 -3010 478 64 -2452 2799 359 2509 -2666 105 177 20 2942 2711 119 516 57 28 3035 -2769 2650 3135 -2551 237 347 152 3010 -3591 2777 2547 -2823 2941 437 22 233 3123 2920 17 -2309 273 -1848 3071 737 510 4009 3337 389 -2563 -2953 2655 18 -2373 88 19 584 96 -2901 2302 751 -2122 2400 2859 447 -2619 12 2849 179 59 198 122 35 2641 -2199 3192 3858 2630 57 187 835 56 108 147 215 63 -2330 204 3312 775 -3021 -2824 388 447 396 146 98 182 584 -2642 -2586 205 15 57 3217 73 883 261 2609 -2806 2868 2451 530 2559 43 2710 2879 3115 205 3534 23 11 3270 662 2369 53 2840 50 -2528
-2548 3213 172 -2712 303 2635 3374 253 444 3526 -2713 13 108 2160 16 -2938 19 22 318 -2581 -3066 68 19 -2469 2838 23 2510 -2732 105 28 608 2943 2717 119 516 17 28 3121 -2839 2654 3136 -2567 237 347 152 3041 -3593 2809 2589 -2854 2943 437 870 28 3129 2944 17 -2344 273 -1855 3073 26 510 4086 3374 617 -2609 -2964 2689 18 -2379 88 61 66 96 -2909 2340 12 -2127 2410 2933 447 -2637 12 2890 179 59 198 122 35 2643 -2206 3215 3868 2642 57 482 835 28 296 147 31 63 -2332 204 3314 123 -3036 -2828 29 15 396 559 98 182 189 -2646 -2588 10 17 32 3245 518 11 19 2685 -2889 2887 2461 13 2612 224 2732 2927 3168 193 3545 23 657 3272 11 2370 53 2865 50 -2539
-2554 3234 172 -2727 117 2648 3375 253 41 3573 -2714 13 108 2164 16 -3007 68 32 318 -2583 -3119 66 307 -2531 2847 100 2511 -2739 105 13 17 2957 2725 119 516 110 28 3182 -2849 2660 3160 -2589 237 347 152 3042 -3640 2810 2608 -2867 2951 437 71 85 3153 2962 17 -2345 273 -1860 3083 79 510 4094 3379 19 -2638 -3052 2696 18 -2460 88 20 15 96 -2912 2343 48 -2138 2411 2965 447 -2640 12 2907 179 59 198 122 35 2645 -2207 3217 3901 2662 57 58 835 227 689 147 189 63 -2334 204 3398 63 -3091 -2842 130 14 396 13 98 182 446 -2654 -2589 59 118 144 3247 27 59 48 2687 -2896 2889 2478 41 2614 820 2734 2928 3171 521 3555 23 176 3273 29 2375 53 2869 50 -2598
-2555 3254 172 -2730 244 2658 3376 253 58 3576 -2769 13 108 2252 16 -3013 61 48 318 -2587 -3214 86 715 -2537 2877 123 2513 -2752 105 294 571 2958 2740 119 516 26 28 3184 -2859 2662 3203 -2636 237 347 152 3043 -3687 2889 2626 -2873 3051 437 38 13 3179 2977 17 -2395 273 -1866 3090 115 510 4102 3388 342 -2640 -3055 2784 18 -2470 88 14 10 96 -2913 2351 588 -2145 2426 3048 447 -2680 12 2967 179 59 198 122 35 2661 -2226 3221 3904 2692 57 24 835 85 444 147 113 63 -2338 204 3401 379 -3098 -2855 35 780 396 252 98 182 543 -2658 -2608 356 27 46 3250 299 45 331 2689 -2903 2895 2479 779 2641 143 2786 2929 3174 35 3580 23 217 3295 76 2380 53 2901 50 -2601
-2618 3259 172 -2731 578 2688 3379 253 435 3607 -2771 13 108 2260 16 -3035 948 314 318 -2629 -3265 194 31 -2572 2881 67 2531 -2759 105 14 16 3037 2771 119 516 118 28 3255 -2936 2747 3241 -2648 237 347 152 3046 -3708 2918 2632 -2875 3058 437 974 77 3196 3007 17 -2397 273 -1875 3094 934 510 4107 3454 34 -2647 -3104 2786 18 -2472 88 167 612 96 -2939 2379 258 -2206 2470 3053 447 -2694 12 2999 179 59 198 122 35 2697 -2245 3316 3936 2694 57 511 835 423 19 147 235 63 -2409 204 3405 118 -3100 -2902 95 832 396 230 98 182 394 -2660 -2610 101 415 56 3252 430 210 200 2704 -2905 2976 2490 10 2719 105 2831 2936 3200 768 3583 23 178 3310 27 2393 53 2904 50 -2604
-2692 3266 172 -2732 11 2689 3418 253 12 3676 -2798 13 108 2261 16 -3093 15 361 318 -2645 -3308 90 674 -2575 2889 11 2532 -2835 105 377 53 3040 2774 119 516 701 28 3333 -2939 2748 3278 -2650 237 347 152 3098 -3710 2931 2655 -2945 3059 437 258 22 3200 3027 17 -2412 273 -1894 3098 505 510 4112 3480 210 -2651 -3106 2791 18 -2477 88 327 541 96 -2983 2384 222 -2263 2566 3067 447 -2695 12 3002 179 59 198 122 35 2703 -2247 3318 3939 2698 57 105 835 182 918 147 112 63 -2410 204 3406 619 -3105 -2910 472 10 396 400 98 182 34 -2668 -2630 89 351 752 3263 219 110 19 2713 -2958 2978 2562 33 2721 22 2881 2955 3203 406 3643 23 12 3311 41 2396 53 2926 50 -2606
-2694 3277 172 -2829 170 2711 3433 253 22 3700 -2830 13 108 2262 16 -3133 569 29 318 -2708 -3325 846 126 -2577 2891 48 2563 -2837 105 317 201 3098 2795 119 516 100 28 3336 -2940 2749 3293 -2742 237 347 152 3121 -3714 2973 2657 -2948 3103 437 51 19 3201 3044 17 -2430 273 -1903 3102 31 510 4120 3575 10 -2661 -3115 2792 18 -2489 88 114 17 96 -2986 2386 194 -2274 2568 3107 447 -2696 12 3004 179 59 198 122 35 2709 -2258 3368 3966 2705 57 51 835 417 119 147 72 63 -2493 204 3438 23 -3136 -2916 123 92 396 13 98 182 566 -2694 -2660 46 94 39 3268 414 143 246 2806 -2964 2998 2603 13 2731 29 2884 2965 3215 845 3706 23 48 3343 180 2397 53 2927 50 -2608
-2717 3279 172 -2830 15 2805 3443 253 11 3702 -2836 13 108 2318 16 -3166 408 16 318 -2723 -3344 457 647 -2578 2913 630 2574 -2843 105 16 380 3108 2801 119 516 102 28 3353 -2941 2751 3338 -2758 237 347 152 3186 -3718 3004 2677 -2949 3117 437 41 12 3203 3052 17 -2434 273 -1919 3126 938 510 4134 3576 55 -2663 -3117 2793 18 -2490 88 41 234 96 -2989 2427 44 -2276 2577 3118 447 -2716 12 3008 179 59 198 122 35 2711 -2285 3375 3970 2723 57 266 835 293 179 147 22 63 -2496 204 3441 15 -3146 -2918 293 140 396 247 98 182 513 -2712 -2741 317 29 80 3270 150 54 112 2816 -2983 3000 2664 956 2764 35 2898 2982 3296 38 3710 23 34 3345 19 2431 53 2930 50 -2649
-2720 3350 172 -2868 484 2808 3491 253 78 3708 -2838 13 108 2374 16 -3171 113 21 318 -2781 -3355 12 29 -2581 2925 32 2602 -2914 105 94 22 3118 2802 119 516 12 28 3419 -3014 2787 3349 -2763 237 347 152 3211 -3774 3010 2697 -2969 3121 437 473 342 3212 3083 17 -2453 273 -1958 3130 412 510 4152 3577 801 -2665 -3160 2803 18 -2535 88 107 17 96 -3077 2439 39 -2362 2612 3124 447 -2793 12 3009 179 59 198 122 35 2773 -2295 3376 3972 2752 57 67 835 58 47 147 56 63 -2499 204 3442 538 -3154 -2920 308 238 396 94 98 182 690 -2744 -2789 235 171 30 3272 155 10 22 2883 -2984 3006 2665 31 2767 134 2902 3057 3298 13 3747 23 326 3347 395 2432 53 2933 50 -2694
-2724 3352 172 -2910 489 2857 3498 253 23 3718 -2840 13 108 2379 16 -3177 88 872 318 -2784 -3359 945 516 -2623 2943 81 2605 -2976 105 11 108 3153 2824 119 516 12 28 3432 -3017 2815 3359 -2833 237 347 152 3306 -3835 3028 2791 -3061 3126 437 628 47 3222 3174 17 -2455 273 -1961 3132 14 510 4237 3590 570 -2731 -3165 2860 18 -2550 88 118 284 96 -3088 2442 30 -2367 2614 3185 447 -2853 12 3010 179 59 198 122 35 2779 -2297 3387 3978 2754 57 13 835 17 20 147 250 63 -2518 204 3445 20 -3178 -2923 27 17 396 108 98 182 19 -2828 -2795 717 64 81 3285 242 23 27 2885 -3049 3013 2718 741 2773 20 2962 3070 3315 54 3751 23 27 3359 34 2437 53 2966 50 -2695
