32 34
707 15 107 238 123 234 204 79 23 125 91 9 -3 39 12 35 128 43 64 47 295 110 532 32 284 138 51 72 37 140 45 153 239 118
629 261 172 13 123 231 167 524 76 135 109 -5 -56 302 12 35 52 44 48 47 295 118 534 11 284 23 51 77 37 140 268 159 249 72
47 13 183 152 123 162 113 301 410 148 113 -8 -69 26 12 35 20 88 38 47 295 217 553 11 284 183 51 79 37 140 157 166 251 454
27 19 186 116 123 161 81 861 67 151 123 -10 -102 677 12 35 48 167 31 47 295 300 555 18 284 41 51 90 37 140 10 169 253 56
255 20 258 254 123 157 75 212 507 160 125 -23 -163 43 12 35 172 173 20 47 295 353 557 640 284 20 51 95 37 140 173 172 256 132
796 46 259 12 123 83 54 28 351 188 204 -31 -175 30 12 35 72 190 18 47 295 424 558 13 284 678 51 114 37 140 10 232 270 95
287 21 292 194 123 60 52 37 277 279 206 -57 -193 17 12 35 141 215 4 47 295 469 570 44 284 12 51 116 37 140 552 240 273 223
15 11 301 157 123 58 22 184 151 280 213 -58 -293 26 12 35 42 217 -52 47 295 516 571 55 284 747 51 176 37 140 20 262 277 240
587 48 341 21 123 41 15 31 130 283 257 -59 -296 17 12 35 73 225 -54 47 295 517 572 86 284 43 51 194 37 140 623 278 278 25
154 95 383 17 123 -12 12 76 103 369 260 -71 -322 307 12 35 12 228 -152 47 295 536 575 773 284 203 51 199 37 140 184 317 374 15
15 899 402 78 123 -14 8 44 335 383 295 -94 -326 124 12 35 259 233 -186 47 295 537 580 411 284 299 51 230 37 140 47 399 389 383
261 14 407 411 123 -15 -1 245 134 401 297 -99 -327 404 12 35 17 235 -188 47 295 539 606 20 284 23 51 232 37 140 88 451 395 21
63 21 411 45 123 -16 -36 30 400 431 328 -106 -334 13 12 35 15 255 -190 47 295 543 607 152 284 23 51 238 37 140 679 456 396 122
23 41 473 565 123 -45 -48 18 99 458 348 -180 -338 87 12 35 46 257 -193 47 295 550 611 87 284 498 51 251 37 140 52 457 421 376
553 609 500 437 123 -56 -71 24 80 459 350 -187 -426 57 12 35 38 329 -195 47 295 551 662 459 284 781 51 255 37 140 956 466 437 190
287 20 503 16 123 -57 -80 577 80 460 361 -189 -458 11 12 35 419 408 -209 47 295 606 703 85 284 166 51 284 37 140 31 476 452 636
496 155 507 42 123 -59 -103 48 169 475 365 -191 -481 16 12 35 557 469 -217 47 295 618 752 95 284 201 51 300 37 140 22 478 464 125
54 21 566 21 123 -73 -104 211 36 483 367 -198 -543 31 12 35 739 488 -218 47 295 644 841 295 284 53 51 305 37 140 37 480 483 456
13 22 593 32 123 -74 -110 175 30 496 368 -200 -556 492 12 35 21 491 -220 47 295 663 847 425 284 676 51 313 37 140 221 565 486 62
21 10 595 11 123 -75 -119 230 105 499 378 -209 -562 76 12 35 82 492 -226 47 295 664 866 26 284 63 51 315 37 140 770 606 514 853
739 274 603 89 123 -77 -137 48 412 510 379 -245 -582 30 12 35 21 501 -230 47 295 665 935 47 284 219 51 326 37 140 230 651 538 149
122 314 611 103 123 -84 -144 136 285 562 381 -268 -584 81 12 35 460 531 -269 47 295 670 940 11 284 44 51 331 37 140 23 659 540 62
72 42 637 641 123 -88 -208 18 469 583 387 -330 -586 791 12 35 11 539 -354 47 295 679 967 648 284 50 51 334 37 140 16 753 563 74
343 817 638 811 123 -116 -216 12 863 586 434 -339 -587 76 12 35 180 559 -375 47 295 682 972 21 284 136 51 340 37 140 374 816 572 146
144 64 649 74 123 -124 -219 16 603 592 452 -347 -592 664 12 35 347 567 -402 47 295 684 976 822 284 385 51 343 37 140 128 824 591 162
468 529 654 13 123 -127 -240 110 17 626 497 -355 -593 11 12 35 13 575 -406 47 295 687 979 630 284 807 51 348 37 140 13 921 594 421
78 562 744 52 123 -128 -241 47 255 638 499 -370 -672 87 12 35 47 578 -419 47 295 719 984 119 284 28 51 353 37 140 33 925 630 54
21 99 754 598 123 -130 -252 159 66 648 591 -371 -673 101 12 35 91 580 -488 47 295 720 985 21 284 15 51 355 37 140 84 928 639 347
40 11 761 224 123 -141 -325 29 32 657 604 -444 -675 19 12 35 145 612 -499 47 295 732 1001 93 284 18 51 357 37 140 17 934 647 125
46 19 763 74 123 -149 -328 808 621 692 607 -482 -687 267 12 35 113 615 -523 47 295 828 1013 856 284 620 51 429 37 140 12 935 661 855
132 404 766 97 123 -238 -356 35 16 696 692 -494 -728 276 12 35 42 648 -576 47 295 841 1038 28 284 52 51 465 37 140 533 982 665 15
381 724 790 16 123 -297 -391 738 362 697 696 -510 -743 110 12 35 210 651 -579 47 295 854 1132 17 284 11 51 469 37 140 23 1001 669 46
