31 32
31 22 427 319 19 402 273 206 24 427 128 563 26 560 21 450 641 103 19 75 70 208 89 84 328 136 292 757 74 121 26 44
-33 64 19 319 19 410 270 206 22 427 128 19 35 836 10 541 642 103 67 79 68 139 144 84 327 136 180 763 76 121 130 52
-34 410 124 319 19 413 243 206 10 427 128 154 58 11 -11 552 646 103 49 82 67 38 145 84 321 136 10 776 111 121 126 53
-43 699 451 319 19 451 212 206 -69 427 128 227 62 39 -97 555 648 103 799 85 66 18 150 84 304 136 784 785 120 121 656 124
-114 414 29 319 19 453 184 206 -71 427 128 213 73 341 -119 610 662 103 52 153 17 18 243 84 290 136 67 793 121 121 736 128
-125 31 31 319 19 458 180 206 -80 427 128 33 131 513 -139 642 665 103 435 171 -71 14 311 84 285 136 153 800 174 121 31 143
-130 872 83 319 19 466 136 206 -82 427 128 17 140 24 -142 643 681 103 90 206 -149 68 315 84 203 136 145 816 181 121 20 220
-133 20 652 319 19 469 58 206 -89 427 128 609 145 408 -203 644 755 103 19 237 -151 471 320 84 172 136 110 817 189 121 110 248
-136 11 86 319 19 470 56 206 -90 427 128 307 166 844 -209 652 759 103 227 238 -165 21 326 84 115 136 479 824 190 121 69 255
-138 93 114 319 19 474 22 206 -103 427 128 27 169 12 -235 654 768 103 12 249 -166 587 329 84 80 136 125 836 203 121 396 287
-139 19 735 319 19 529 15 206 -106 427 128 17 171 16 -236 660 786 103 54 250 -168 192 333 84 78 136 196 851 217 121 471 318
-227 135 768 319 19 551 10 206 -116 427 128 93 174 85 -274 666 800 103 42 261 -176 35 335 84 74 136 740 929 222 121 57 319
-263 14 426 319 19 562 -82 206 -177 427 128 229 235 101 -305 673 803 103 32 268 -246 899 345 84 68 136 113 930 233 121 111 320
-267 11 257 319 19 612 -89 206 -198 427 128 50 236 469 -314 674 823 103 19 270 -255 260 353 84 61 136 103 942 247 121 617 327
-269 179 137 319 19 616 -171 206 -245 427 128 17 243 606 -323 675 896 103 366 283 -256 31 407 84 59 136 40 944 253 121 33 333
-271 744 200 319 19 619 -190 206 -292 427 128 29 244 126 -422 686 898 103 342 354 -270 27 497 84 56 136 597 969 254 121 33 374
-273 21 85 319 19 630 -191 206 -297 427 128 45 245 63 -436 708 941 103 162 444 -284 96 509 84 -11 136 296 989 294 121 538 399
-275 40 108 319 19 646 -197 206 -301 427 128 19 247 33 -527 741 944 103 36 462 -296 798 526 84 -36 136 592 1030 308 121 464 458
-285 13 37 319 19 649 -263 206 -317 427 128 14 249 58 -624 773 945 103 123 469 -335 679 527 84 -83 136 517 1032 311 121 626 550
-287 105 225 319 19 652 -269 206 -323 427 128 179 250 349 -663 778 948 103 616 481 -336 58 531 84 -87 136 11 1046 341 121 16 639
-288 454 119 319 19 669 -339 206 -326 427 128 156 255 101 -709 786 985 103 670 500 -337 71 540 84 -88 136 348 1048 355 121 48 645
-321 23 27 319 19 705 -342 206 -327 427 128 57 260 414 -730 810 1014 103 651 506 -351 60 543 84 -92 136 27 1104 359 121 86 723
-350 80 10 319 19 745 -347 206 -358 427 128 19 339 50 -731 866 1017 103 66 509 -373 139 547 84 -94 136 964 1137 360 121 12 724
-364 15 295 319 19 788 -352 206 -363 427 128 874 361 77 -748 921 1027 103 16 521 -444 20 549 84 -101 136 397 1138 382 121 47 776
-368 238 118 319 19 789 -354 206 -365 427 128 157 402 60 -799 924 1120 103 12 527 -446 17 570 84 -103 136 11 1193 386 121 748 836
-384 15 904 319 19 791 -429 206 -371 427 128 14 430 14 -841 1014 1183 103 102 529 -505 36 577 84 -118 136 730 1244 411 121 324 851
-389 66 485 319 19 865 -435 206 -405 427 128 384 431 86 -859 1016 1230 103 18 585 -513 260 632 84 -119 136 377 1277 412 121 31 884
-467 66 133 319 19 867 -436 206 -407 427 128 164 433 394 -874 1018 1232 103 404 654 -519 16 650 84 -180 136 993 1281 423 121 268 940
-486 14 77 319 19 870 -440 206 -409 427 128 109 434 624 -876 1022 1233 103 29 657 -591 12 652 84 -182 136 11 1381 438 121 218 944
-495 119 133 319 19 881 -451 206 -438 427 128 29 489 20 -906 1079 1245 103 38 660 -656 522 660 84 -184 136 39 1479 486 121 959 946
-526 212 36 319 19 885 -458 206 -536 427 128 298 502 18 -918 1093 1266 103 64 709 -676 35 693 84 -185 136 18 1481 507 121 51 954
