12 13
881 653 185 81 43 404 65 56 140 89 313 36 1078
11 626 168 86 458 423 65 57 15 86 298 36 1086
12 625 153 123 19 443 65 59 147 28 259 36 1105
383 623 146 138 167 446 65 64 670 2 788 36 1173
166 614 145 140 44 449 65 95 68 1 200 36 1178
398 613 139 150 246 450 65 143 195 -30 381 36 1189
89 605 130 203 379 472 65 177 315 -33 28 36 1197
102 567 86 246 18 479 65 195 50 -60 19 36 1239
487 563 13 248 15 499 65 198 201 -108 24 36 1241
314 561 2 257 27 500 65 201 463 -130 38 36 1248
129 489 -73 260 45 504 65 251 16 -156 523 36 1250
29 476 -75 264 331 519 65 276 137 -159 21 36 1276
