69 76
567 134 22 551 -30 66 420 34 14 15 977 783 30 -40 312 245 58 251 591 547 173 17 116 841 22 248 34 661 413 126 411 502 9 956 127 207 227 158 79 335 42 205 24 717 140 51 140 568 93 27 356 669 354 44 964 364 724 -55 179 327 186 22 55 49 768 231 75 82 11 49 835 120 405 220 58 310
596 279 13 560 -35 68 23 72 14 571 18 766 30 -117 312 311 109 246 642 312 177 14 131 831 22 338 34 661 416 176 403 502 1 923 124 207 194 159 40 593 553 208 24 701 231 51 170 623 78 27 361 721 13 -32 982 361 719 -57 192 405 161 40 123 45 961 31 79 96 9 51 28 120 376 220 585 301
622 107 -49 564 -44 70 306 73 14 894 33 740 30 -169 312 316 76 245 701 18 181 12 134 829 22 138 34 661 418 194 370 502 -1 916 111 207 183 216 20 431 755 232 24 688 57 51 213 647 76 106 364 752 917 -37 996 345 673 -71 204 246 101 34 125 -20 54 50 113 167 0 52 272 120 345 220 587 298
647 80 -87 626 -49 92 137 75 14 119 168 739 30 -170 312 328 46 239 721 129 185 -14 136 815 22 202 34 661 427 209 369 502 -22 913 109 207 110 217 22 235 69 327 24 685 11 51 237 648 50 166 368 771 13 -40 1001 343 671 -110 213 254 81 753 193 -29 113 43 138 210 -12 95 215 120 340 220 626 295
650 27 -91 638 -59 97 34 88 14 121 16 710 30 -175 312 344 28 190 762 14 189 -18 142 806 22 20 34 661 471 228 284 502 -38 904 107 207 91 220 29 49 482 342 24 681 109 51 240 687 40 136 414 776 257 -44 1005 280 670 -127 218 344 78 208 197 -34 12 103 139 213 -16 137 924 120 338 220 341 283
714 552 -93 652 -67 120 33 97 14 768 143 701 30 -179 312 360 431 188 765 44 282 -31 143 800 22 14 34 661 475 313 283 502 -91 836 99 207 83 249 82 85 452 352 24 658 327 51 245 688 13 26 438 814 117 -46 1046 279 582 -131 242 624 19 498 217 -36 901 140 169 284 -18 139 237 120 294 220 78 271
716 637 -95 707 -72 122 23 130 14 76 50 662 30 -206 312 363 824 182 769 91 285 -60 147 763 22 884 34 661 483 359 279 502 -164 834 94 207 77 317 13 209 392 366 24 657 150 51 259 769 3 73 454 820 249 -47 1062 260 512 -148 244 31 13 12 229 -48 51 735 180 285 -29 156 17 120 238 220 49 251
727 42 -96 709 -73 133 20 133 14 87 17 652 30 -288 312 433 14 140 775 770 300 -63 150 754 22 469 34 661 520 403 277 502 -165 767 92 207 -16 319 478 12 95 373 24 653 100 51 331 799 1 23 461 821 121 -51 1074 255 492 -149 245 226 12 60 289 -54 395 951 229 301 -34 159 157 120 237 220 278 248
728 506 -167 711 -115 155 248 134 14 126 75 650 30 -315 312 474 245 119 783 435 393 -66 192 713 22 14 34 661 524 426 257 502 -182 687 76 207 -17 366 226 50 272 375 24 650 253 51 332 804 -2 328 463 826 187 -53 1099 251 491 -151 298 24 3 93 328 -57 20 44 246 312 -71 161 55 120 218 220 17 214
753 25 -176 713 -116 159 193 139 14 26 245 648 30 -326 312 479 103 118 800 298 420 -94 218 705 22 37 34 661 541 439 225 502 -183 678 66 207 -28 395 52 15 10 389 24 625 263 51 338 828 -28 683 485 855 224 -56 1105 238 487 -153 302 44 2 158 334 -64 31 132 247 322 -78 163 22 120 148 220 102 203
756 48 -180 762 -127 173 103 150 14 15 15 647 30 -339 312 488 322 108 813 108 421 -181 237 678 22 396 34 661 546 522 201 502 -199 677 59 207 -54 414 17 437 128 422 24 622 907 51 339 835 -30 39 507 856 613 -60 1109 236 480 -222 314 223 -7 13 336 -67 55 33 250 323 -80 167 875 120 146 220 883 185
784 273 -183 768 -131 245 113 158 14 87 999 645 30 -362 312 564 11 70 816 65 423 -276 240 615 22 106 34 661 548 528 165 502 -206 674 3 207 -82 423 686 942 96 445 24 594 182 51 428 843 -33 15 509 877 40 -128 1119 235 460 -224 317 46 -56 117 434 -70 58 46 268 329 -92 173 71 120 142 220 18 166
786 91 -186 787 -195 309 108 202 14 473 775 643 30 -364 312 582 645 69 821 40 448 -277 241 608 22 707 34 661 600 529 158 502 -208 665 -27 207 -123 427 83 781 259 479 24 592 18 51 508 848 -112 149 572 958 184 -131 1122 189 365 -254 330 64 -72 80 438 -71 11 719 270 341 -115 182 340 120 81 220 646 159
794 377 -219 790 -220 310 78 204 14 566 71 638 30 -367 312 591 21 65 827 19 533 -314 251 603 22 41 34 661 668 532 137 502 -210 662 -28 207 -131 430 95 258 197 495 24 540 20 51 510 860 -116 685 573 976 25 -134 1123 188 358 -263 369 33 -73 331 443 -79 349 13 329 422 -116 259 472 120 67 220 78 142
795 38 -231 795 -223 322 452 209 14 151 90 586 30 -368 312 600 37 33 830 753 569 -339 253 599 22 28 34 661 690 534 89 502 -265 646 -67 207 -134 464 441 375 13 513 24 501 26 51 520 862 -118 597 619 977 47 -169 1126 113 327 -286 467 103 -74 43 489 -119 60 125 335 436 -117 264 18 120 48 220 124 82
797 107 -256 800 -225 323 886 225 14 94 58 583 30 -369 312 607 729 -17 888 220 572 -343 258 598 22 105 34 661 697 536 67 502 -292 635 -85 207 -137 465 129 36 106 519 24 499 24 51 566 864 -122 76 624 978 339 -203 1147 111 322 -307 475 335 -75 586 499 -120 111 23 354 462 -178 270 19 120 46 220 909 76
799 340 -313 803 -314 399 17 254 14 46 33 496 30 -385 312 634 272 -42 920 143 668 -345 260 594 22 373 34 661 700 547 30 502 -298 618 -87 207 -139 466 43 24 21 523 24 488 821 51 580 902 -128 236 636 982 59 -215 1204 104 316 -308 544 34 -90 304 526 -181 540 646 358 471 -194 274 146 120 3 220 12 73
866 571 -347 861 -355 430 252 256 14 16 56 434 30 -434 312 666 56 -51 921 115 669 -347 262 569 22 691 34 661 729 568 8 502 -330 589 -163 207 -164 473 26 62 189 526 24 487 194 51 581 912 -131 67 639 993 247 -223 1217 93 315 -315 545 332 -158 375 552 -212 741 81 361 476 -290 280 998 120 -3 220 14 31
874 43 -352 864 -391 432 50 257 14 82 24 431 30 -435 312 671 13 -61 935 138 687 -439 278 566 22 10 34 661 799 601 -12 502 -355 574 -167 207 -178 476 19 135 128 582 24 481 34 51 583 922 -218 11 643 994 119 -228 1251 78 313 -320 554 45 -160 304 575 -287 197 720 386 479 -293 311 552 120 -33 220 102 8
900 61 -353 921 -397 440 217 274 14 10 74 426 30 -444 312 674 202 -63 936 15 688 -486 321 564 22 326 34 661 801 625 -69 502 -361 573 -204 207 -184 533 816 46 645 587 24 397 20 51 597 924 -226 923 677 1010 32 -239 1257 75 242 -371 555 99 -162 16 604 -289 785 32 410 484 -299 358 21 120 -45 220 375 7
920 10 -356 922 -400 463 864 276 14 166 834 411 30 -450 312 741 760 -85 942 215 689 -490 323 546 22 523 34 661 820 632 -75 502 -365 570 -207 207 -191 575 226 17 21 650 24 390 554 51 681 950 -250 27 688 1042 15 -266 1259 72 183 -426 556 227 -184 10 624 -295 37 297 415 489 -327 453 23 120 -47 220 391 -20
937 43 -359 948 -402 471 707 279 14 204 35 403 30 -451 312 762 230 -99 943 85 690 -491 326 532 22 256 34 661 844 663 -78 502 -391 565 -209 207 -205 583 47 685 904 658 24 385 200 51 728 958 -259 115 696 1054 182 -268 1262 69 141 -455 560 187 -231 371 632 -304 945 61 431 495 -357 500 989 120 -48 220 23 -79
938 135 -371 988 -492 473 44 282 14 299 14 339 30 -472 312 788 55 -105 976 211 709 -502 331 495 22 296 34 661 855 671 -92 502 -406 559 -210 207 -214 586 50 170 90 672 24 381 39 51 764 960 -278 872 721 1058 140 -279 1266 20 136 -526 571 14 -245 79 654 -307 390 135 437 537 -370 518 11 120 -49 220 75 -86
945 40 -380 990 -527 480 565 285 14 279 92 328 30 -476 312 813 242 -109 981 175 710 -513 341 486 22 121 34 661 863 672 -127 502 -436 556 -266 207 -218 631 51 363 152 757 24 380 268 51 774 1041 -292 21 779 1060 13 -353 1268 18 119 -528 669 77 -250 120 685 -316 507 170 503 543 -374 535 31 120 -56 220 570 -165
965 53 -392 991 -530 495 161 289 14 221 64 326 30 -497 312 824 18 -184 983 972 718 -537 355 480 22 81 34 661 908 756 -128 502 -438 463 -274 207 -230 653 188 32 301 765 24 376 38 51 776 1098 -358 37 822 1066 45 -364 1301 9 107 -565 671 381 -263 285 761 -318 554 49 542 544 -415 559 493 120 -57 220 112 -169
967 359 -398 992 -557 510 192 314 14 16 72 307 30 -499 312 905 84 -224 984 267 725 -557 395 479 22 439 34 661 978 792 -138 502 -442 383 -360 207 -253 655 324 85 45 770 24 370 64 51 837 1099 -363 16 826 1069 672 -366 1302 -38 103 -601 697 878 -265 22 855 -343 31 688 545 590 -417 598 898 120 -132 220 226 -179
974 10 -496 1023 -567 513 255 386 14 670 19 306 30 -529 312 915 38 -235 995 620 807 -558 404 469 22 54 34 661 986 885 -144 502 -536 344 -367 207 -256 656 97 12 747 840 24 364 376 51 846 1102 -365 405 832 1129 61 -367 1305 -40 7 -602 707 22 -272 909 857 -346 66 174 601 605 -452 599 663 120 -180 220 151 -185
975 21 -498 1024 -568 530 82 388 14 329 20 268 30 -531 312 939 96 -238 1068 44 853 -561 422 424 22 325 34 661 991 887 -183 502 -552 322 -378 207 -263 658 168 246 189 859 24 319 479 51 942 1104 -373 52 834 1136 512 -370 1320 -42 -13 -616 801 174 -275 113 908 -348 58 69 603 645 -458 628 32 120 -188 220 24 -188
978 21 -501 1039 -571 598 50 391 14 486 43 260 30 -549 312 966 33 -247 1079 289 882 -610 428 409 22 768 34 661 993 895 -208 502 -554 308 -382 207 -303 662 63 191 834 906 24 302 53 51 949 1108 -424 218 837 1145 21 -387 1321 -43 -18 -667 803 149 -289 100 909 -364 91 316 618 648 -461 642 17 120 -189 220 37 -191
990 85 -550 1048 -587 615 17 393 14 252 144 251 30 -556 312 1044 114 -280 1161 75 921 -634 459 356 22 92 34 661 1014 905 -213 502 -556 304 -429 207 -312 666 253 23 156 907 24 211 141 51 954 1162 -430 356 877 1204 82 -429 1323 -107 -42 -683 807 303 -358 22 910 -367 914 175 642 649 -528 669 12 120 -231 220 80 -205
1004 27 -554 1095 -641 627 152 395 14 195 41 216 30 -583 312 1046 467 -297 1224 615 967 -637 466 352 22 33 34 661 1023 974 -300 502 -563 290 -483 207 -314 668 12 26 20 933 24 185 947 51 957 1229 -451 132 878 1212 861 -456 1325 -111 -49 -691 811 230 -360 264 928 -368 749 193 654 730 -584 741 12 120 -256 220 12 -291
1030 237 -564 1132 -647 631 122 486 14 841 30 215 30 -591 312 1047 29 -300 1242 26 968 -638 540 348 22 13 34 661 1057 977 -322 502 -566 211 -484 207 -390 693 53 112 21 961 24 153 173 51 970 1237 -454 20 881 1310 66 -475 1339 -121 -86 -711 877 242 -375 342 937 -384 973 40 677 733 -585 783 226 120 -330 220 11 -296
1034 55 -567 1134 -664 681 45 488 14 12 24 128 30 -592 312 1050 12 -302 1248 102 988 -641 541 307 22 31 34 661 1061 1005 -328 502 -581 197 -538 207 -391 755 803 51 16 967 24 152 45 51 1057 1263 -504 132 882 1324 383 -565 1419 -124 -159 -734 975 568 -397 510 939 -387 148 38 694 736 -593 785 721 120 -335 220 885 -382
1042 964 -569 1184 -666 754 63 494 14 11 872 116 30 -617 312 1077 203 -304 1249 13 1012 -642 547 301 22 48 34 661 1094 1008 -377 502 -591 193 -551 207 -463 823 16 195 709 974 24 148 887 51 1095 1270 -505 287 893 1325 18 -594 1420 -198 -189 -755 977 15 -399 15 944 -389 86 33 720 799 -598 830 222 120 -355 220 46 -383
1078 27 -577 1196 -723 768 566 499 14 38 219 32 30 -620 312 1119 473 -309 1316 118 1024 -666 552 274 22 862 34 661 1096 1056 -395 502 -598 190 -600 207 -464 827 44 404 46 976 24 121 114 51 1099 1272 -563 92 962 1405 210 -652 1469 -267 -258 -851 979 27 -411 290 946 -392 120 795 727 851 -655 834 37 120 -362 220 22 -402
1117 449 -617 1226 -790 779 546 509 14 121 23 -8 30 -684 312 1149 135 -310 1318 716 1026 -697 554 202 22 22 34 661 1159 1059 -406 502 -605 118 -610 207 -479 833 25 162 884 1015 24 118 136 51 1102 1296 -569 777 1009 1416 62 -658 1477 -347 -262 -865 1014 130 -425 117 970 -396 784 453 737 873 -656 887 76 120 -453 220 21 -434
1129 14 -638 1231 -798 824 98 527 14 24 219 -19 30 -688 312 1150 428 -319 1322 77 1029 -766 577 198 22 710 34 661 1259 1072 -422 502 -646 32 -619 207 -516 921 848 110 11 1066 24 114 121 51 1111 1298 -574 166 1020 1484 113 -677 1505 -355 -273 -893 1016 574 -431 40 973 -398 37 87 769 890 -669 905 202 120 -471 220 13 -478
1144 826 -708 1283 -861 826 932 547 14 119 402 -76 30 -691 312 1161 29 -355 1326 154 1033 -799 628 103 22 129 34 661 1299 1125 -425 502 -651 18 -625 207 -521 951 208 59 37 1104 24 104 16 51 1119 1334 -606 13 1021 1485 31 -678 1507 -368 -364 -895 1051 67 -440 167 981 -410 169 290 846 893 -740 913 92 120 -493 220 50 -483
1203 27 -710 1380 -864 876 116 562 14 36 295 -88 30 -709 312 1248 569 -357 1334 663 1055 -818 652 101 22 100 34 661 1307 1130 -433 502 -732 14 -630 207 -573 1003 137 59 24 1108 24 97 555 51 1121 1337 -626 793 1023 1498 631 -680 1530 -370 -365 -902 1056 650 -442 667 998 -507 89 444 918 896 -764 914 12 120 -497 220 810 -517
1213 22 -719 1381 -868 884 90 563 14 122 13 -91 30 -750 312 1250 20 -367 1342 49 1088 -833 663 83 22 51 34 661 1310 1188 -434 502 -736 11 -646 207 -577 1004 17 16 224 1175 24 94 150 51 1156 1343 -634 24 1076 1499 16 -699 1550 -371 -369 -903 1060 87 -447 37 1012 -513 945 480 923 898 -768 934 51 120 -518 220 69 -520
1215 302 -762 1385 -897 900 771 565 14 18 11 -97 30 -751 312 1251 355 -380 1364 143 1092 -900 742 65 22 615 34 661 1408 1192 -438 502 -754 0 -669 207 -591 1006 117 33 165 1275 24 41 22 51 1157 1346 -659 28 1085 1557 63 -714 1560 -373 -442 -911 1099 45 -450 130 1018 -558 117 62 929 916 -770 935 16 120 -571 220 276 -552
1224 36 -764 1391 -991 929 27 626 14 110 24 -126 30 -753 312 1319 17 -385 1366 199 1149 -905 744 51 22 125 34 661 1423 1194 -443 502 -755 -7 -671 207 -595 1094 14 29 46 1323 24 19 25 51 1171 1347 -662 169 1087 1573 530 -717 1562 -383 -444 -927 1103 336 -471 506 1055 -562 55 603 944 922 -790 984 216 120 -573 220 169 -582
1236 282 -771 1394 -997 938 984 629 14 112 413 -128 30 -822 312 1367 11 -387 1370 366 1151 -934 748 42 22 31 34 661 1434 1197 -479 502 -816 -8 -687 207 -626 1095 797 470 128 1326 24 17 24 51 1174 1356 -664 16 1093 1601 127 -764 1625 -386 -458 -955 1116 12 -486 968 1065 -574 46 81 981 947 -806 991 29 120 -592 220 79 -586
1283 53 -784 1415 -1000 941 52 651 14 22 11 -177 30 -875 312 1409 621 -449 1395 20 1156 -940 754 -44 22 14 34 661 1438 1229 -500 502 -821 -11 -704 207 -645 1108 252 28 871 1354 24 3 14 51 1185 1358 -670 469 1101 1604 351 -813 1626 -389 -467 -962 1149 14 -579 343 1068 -594 290 350 984 948 -807 1013 263 120 -684 220 235 -643
1310 181 -805 1421 -1092 952 234 654 14 30 216 -184 30 -879 312 1443 160 -466 1401 12 1162 -1016 774 -57 22 13 34 661 1504 1230 -561 502 -868 -15 -705 207 -716 1140 518 738 450 1366 24 -3 82 51 1187 1360 -673 55 1102 1606 68 -858 1660 -428 -471 -976 1240 349 -670 137 1079 -598 37 964 997 993 -848 1083 14 120 -772 220 50 -645
1335 91 -817 1425 -1135 1023 557 662 14 54 263 -197 30 -882 312 1445 25 -489 1403 37 1165 -1020 775 -65 22 165 34 661 1516 1280 -563 502 -893 -18 -720 207 -721 1177 73 63 257 1369 24 -6 191 51 1193 1362 -676 134 1111 1633 967 -865 1672 -431 -529 -978 1255 47 -676 922 1112 -621 13 162 1002 1065 -879 1090 74 120 -809 220 49 -647
1372 63 -818 1476 -1224 1110 37 684 14 99 124 -199 30 -889 312 1480 397 -491 1426 206 1179 -1022 859 -70 22 75 34 661 1526 1282 -566 502 -943 -27 -757 207 -731 1189 310 130 108 1377 24 -81 452 51 1195 1388 -721 12 1113 1648 658 -871 1708 -432 -531 -981 1258 20 -750 284 1148 -661 72 131 1003 1071 -888 1092 304 120 -813 220 294 -717
1450 100 -820 1542 -1228 1111 174 689 14 273 113 -211 30 -904 312 1482 998 -497 1452 425 1192 -1027 861 -150 22 16 34 661 1531 1295 -567 502 -944 -42 -798 207 -734 1192 340 49 215 1380 24 -93 11 51 1201 1405 -723 815 1186 1649 63 -891 1710 -447 -536 -1048 1272 547 -811 175 1214 -679 38 412 1023 1081 -889 1098 130 120 -889 220 207 -718
1467 179 -829 1628 -1236 1114 282 694 14 165 551 -212 30 -907 312 1544 22 -505 1461 665 1211 -1064 866 -151 22 183 34 661 1615 1299 -574 502 -1026 -116 -823 207 -739 1213 645 42 386 1389 24 -125 860 51 1298 1466 -764 154 1190 1702 26 -897 1715 -448 -548 -1053 1292 508 -869 951 1218 -681 238 127 1027 1163 -916 1104 45 120 -944 220 727 -719
1497 382 -833 1631 -1238 1115 35 700 14 332 10 -225 30 -924 312 1550 15 -509 1464 661 1214 -1087 936 -195 22 19 34 661 1621 1304 -594 502 -1038 -125 -833 207 -749 1219 815 668 518 1391 24 -205 672 51 1303 1469 -766 485 1196 1718 84 -901 1732 -466 -555 -1113 1308 330 -872 91 1270 -683 410 25 1117 1167 -920 1111 12 120 -947 220 150 -763
1586 651 -834 1632 -1241 1124 12 779 14 16 439 -236 30 -938 312 1592 387 -519 1548 221 1217 -1116 943 -198 22 682 34 661 1622 1388 -626 502 -1040 -126 -869 207 -764 1245 109 25 263 1403 24 -207 523 51 1309 1470 -784 29 1198 1818 424 -902 1744 -474 -557 -1122 1323 568 -878 15 1314 -743 48 30 1128 1181 -923 1131 285 120 -1004 220 31 -764
1597 344 -885 1636 -1300 1151 37 816 14 274 294 -237 30 -939 312 1682 617 -528 1607 26 1263 -1117 949 -267 22 62 34 661 1625 1393 -633 502 -1052 -170 -872 207 -766 1289 90 497 16 1409 24 -247 199 51 1314 1483 -811 40 1207 1909 249 -904 1813 -509 -606 -1127 1367 563 -908 287 1330 -786 67 13 1159 1186 -1008 1139 44 120 -1011 220 199 -766
1603 16 -908 1656 -1348 1154 385 855 14 33 30 -244 30 -1011 312 1727 22 -553 1625 97 1303 -1121 951 -290 22 101 34 661 1705 1394 -711 502 -1060 -183 -949 207 -837 1290 12 822 212 1448 24 -293 22 51 1341 1484 -813 20 1208 1956 11 -921 1864 -513 -611 -1143 1402 175 -910 291 1346 -823 81 55 1177 1211 -1010 1183 48 120 -1023 220 25 -800
1607 10 -910 1658 -1431 1178 234 895 14 11 78 -249 30 -1016 312 1747 129 -564 1649 14 1308 -1123 956 -292 22 101 34 661 1729 1399 -713 502 -1087 -250 -953 207 -853 1292 23 19 35 1510 24 -389 24 51 1350 1513 -826 104 1209 2029 86 -947 1874 -537 -612 -1146 1439 140 -918 214 1353 -827 225 15 1221 1217 -1056 1216 11 120 -1095 220 21 -840
1615 29 -912 1671 -1432 1179 529 932 14 686 30 -326 30 -1040 312 1753 11 -565 1654 201 1352 -1133 958 -348 22 23 34 661 1732 1416 -716 502 -1097 -253 -1035 207 -864 1294 92 14 89 1516 24 -460 39 51 1368 1553 -827 42 1257 2043 704 -1023 1892 -538 -621 -1158 1463 202 -965 57 1361 -829 73 34 1300 1219 -1060 1284 309 120 -1115 220 909 -843
1619 826 -915 1674 -1438 1184 55 992 14 314 20 -332 30 -1081 312 1822 17 -576 1710 941 1357 -1136 983 -356 22 220 34 661 1742 1419 -724 502 -1100 -256 -1037 207 -865 1297 14 107 12 1518 24 -461 26 51 1370 1555 -830 36 1261 2044 13 -1024 1976 -623 -626 -1166 1497 34 -966 63 1369 -880 887 21 1346 1242 -1158 1343 135 120 -1119 220 72 -844
1621 56 -918 1677 -1538 1187 191 1061 14 192 54 -335 30 -1176 312 1835 17 -582 1720 46 1363 -1158 985 -408 22 735 34 661 1763 1421 -733 502 -1101 -258 -1050 207 -895 1298 200 735 53 1522 24 -462 23 51 1394 1587 -841 979 1264 2120 27 -1032 2047 -649 -629 -1175 1498 33 -990 610 1371 -888 42 34 1347 1244 -1200 1345 68 120 -1126 220 854 -846
1632 10 -922 1688 -1560 1206 62 1063 14 16 94 -336 30 -1191 312 1926 788 -583 1798 16 1423 -1177 1049 -421 22 76 34 661 1771 1429 -735 502 -1116 -307 -1072 207 -898 1383 13 71 107 1523 24 -523 148 51 1395 1589 -843 49 1270 2136 980 -1052 2051 -691 -694 -1180 1570 627 -998 29 1375 -911 10 799 1366 1303 -1226 1360 95 120 -1131 220 27 -880
1673 104 -946 1692 -1582 1228 338 1094 14 88 169 -353 30 -1194 312 1970 496 -609 1805 17 1469 -1188 1059 -430 22 58 34 661 1783 1436 -755 502 -1131 -357 -1108 207 -914 1406 36 51 16 1530 24 -540 872 51 1396 1618 -876 198 1289 2164 130 -1068 2070 -699 -696 -1182 1654 12 -1007 126 1448 -958 59 62 1369 1305 -1235 1361 187 120 -1195 220 18 -881
1674 11 -947 1743 -1595 1269 14 1096 14 18 11 -417 30 -1247 312 1985 219 -612 1827 18 1475 -1190 1066 -432 22 28 34 661 1796 1439 -764 502 -1163 -360 -1110 207 -915 1455 114 228 62 1559 24 -583 20 51 1400 1620 -918 14 1303 2234 308 -1115 2074 -704 -703 -1183 1694 822 -1008 50 1505 -971 611 178 1373 1318 -1269 1368 557 120 -1263 220 580 -882
1733 205 -948 1792 -1609 1271 66 1097 14 148 216 -419 30 -1248 312 2061 13 -627 1828 69 1511 -1192 1068 -439 22 16 34 661 1800 1440 -765 502 -1180 -361 -1152 207 -951 1489 963 92 398 1563 24 -642 46 51 1406 1625 -931 803 1308 2247 23 -1131 2102 -782 -737 -1184 1717 98 -1009 37 1553 -1009 561 193 1399 1319 -1278 1370 160 120 -1289 220 44 -883
1771 10 -960 1797 -1658 1314 229 1193 14 14 37 -434 30 -1249 312 2067 22 -677 1901 20 1513 -1195 1149 -447 22 12 34 661 1843 1539 -774 502 -1181 -363 -1155 207 -985 1492 234 368 109 1564 24 -646 734 51 1409 1655 -934 228 1313 2261 65 -1133 2184 -829 -742 -1186 1721 51 -1011 422 1597 -1012 792 965 1409 1326 -1284 1412 267 120 -1331 220 106 -890
1869 298 -964 1829 -1660 1397 670 1203 14 102 205 -439 30 -1252 312 2069 13 -688 1906 20 1516 -1213 1152 -485 22 51 34 661 1847 1540 -777 502 -1186 -364 -1157 207 -1044 1523 32 76 971 1580 24 -682 146 51 1428 1657 -984 60 1315 2284 69 -1134 2189 -909 -745 -1210 1771 25 -1013 145 1604 -1015 70 11 1411 1336 -1321 1439 167 120 -1337 220 100 -892
1874 286 -968 1844 -1691 1402 355 1204 14 713 243 -446 30 -1274 312 2072 506 -724 1914 22 1546 -1215 1160 -541 22 26 34 661 1866 1542 -781 502 -1188 -421 -1176 207 -1048 1526 49 122 117 1588 24 -683 124 51 1429 1689 -985 19 1373 2287 272 -1136 2200 -911 -751 -1214 1773 110 -1038 564 1615 -1041 128 377 1492 1346 -1323 1443 13 120 -1345 220 412 -901
1903 45 -1028 1845 -1698 1442 19 1208 14 160 61 -466 30 -1282 312 2077 25 -729 1945 39 1569 -1217 1234 -576 22 10 34 661 1916 1548 -790 502 -1197 -422 -1177 207 -1061 1527 13 216 39 1590 24 -732 142 51 1485 1713 -999 941 1377 2288 123 -1137 2239 -918 -806 -1264 1776 17 -1063 35 1713 -1065 12 11 1514 1350 -1341 1446 128 120 -1348 220 119 -918
1927 26 -1047 1850 -1750 1481 140 1211 14 395 772 -498 30 -1288 312 2082 212 -783 1977 32 1570 -1255 1288 -586 22 23 34 661 1983 1551 -812 502 -1204 -459 -1185 207 -1063 1556 30 257 517 1594 24 -756 93 51 1488 1715 -1065 23 1379 2290 366 -1146 2292 -948 -812 -1271 1832 105 -1077 20 1808 -1126 42 18 1516 1351 -1349 1453 113 120 -1368 220 430 -947
1928 11 -1089 1856 -1754 1489 87 1232 14 81 15 -555 30 -1345 312 2083 23 -784 1988 672 1583 -1288 1378 -617 22 67 34 661 1984 1566 -846 502 -1205 -486 -1250 207 -1138 1571 75 744 70 1599 24 -841 67 51 1548 1719 -1066 17 1407 2291 646 -1185 2295 -1000 -816 -1333 1911 862 -1086 307 1812 -1127 219 340 1522 1382 -1358 1464 207 120 -1458 220 480 -951
1934 302 -1094 1859 -1779 1500 215 1261 14 927 52 -573 30 -1348 312 2116 646 -798 2003 28 1594 -1300 1448 -620 22 24 34 661 1986 1568 -866 502 -1207 -491 -1258 207 -1141 1619 39 257 180 1600 24 -842 125 51 1555 1725 -1080 232 1463 2310 35 -1193 2321 -1010 -850 -1339 1922 59 -1089 15 1813 -1135 14 32 1582 1384 -1360 1468 363 120 -1460 220 167 -952
1941 677 -1114 1865 -1824 1592 43 1318 14 122 218 -586 30 -1352 312 2133 70 -807 2035 12 1598 -1328 1452 -655 22 57 34 661 1997 1624 -869 502 -1214 -506 -1264 207 -1162 1662 967 659 158 1638 24 -848 12 51 1559 1729 -1168 64 1477 2343 257 -1195 2324 -1013 -880 -1361 1953 324 -1186 63 1817 -1147 82 514 1588 1385 -1415 1527 29 120 -1462 220 819 -955
