100
100





















1 8 10 11 13 14 17 19 24 28 32 36 42 46 47 49 53 54 56 57 58 59 60 63 64 65 67 69 71 75 76 86 87 89 91 93 94 96 98
















0 1 2 5 8 9 12 15 19 21 25 27 28 29 30 31 33 38 42 45 46 48 51 56 60 61 62 65 66 67 68 70 71 72 73 74 75 76 78 80 82 90 92 93




4 5 6 10 11 12 13 14 16 17 18 20 23 30 32 34 35 37 38 39 40 41 44 47 50 52 54 55 61 63 64 70 77 78 79 80 81 84 86 87 88 94 96 97 98 99



















0 2 3 7 16 20 22 24 25 26 29 33 34 36 39 40 43 51 53 57 58 59 73 83 84 85 89 92 95


















3 4 6 7 9 15 18 21 22 23 26 27 31 35 37 41 43 44 45 48 49 50 52 55 62 66 68 69 72 74 77 79 81 82 83 85 88 90 91 95 97 99

















