100
74.2078590883372 57.62877722435443
70.68585618213693 58.69838524069939
125.22353665309531 57.084598951116014
115.25760752342626 61.04875414094859
80.59844428310232 61.03271377104122
98.42558812442536 64.98108785277209
245.57966047001415 93.00142328388213
104.71994987642584 70.55178713226866
175.20163123725757 96.61576171038614
354.4330622917297 180.19431468339536
194.82454660432555 125.10897584349966
118.36999284387122 95.70027404333501
167.29010538982044 140.03493534488285
113.8628770219477 103.71143694328471
220.26601131467595 206.98339141107184
131.17670060115108 135.26336596821224
105.92300221822282 118.83762880041614
94.63605735005056 110.10322860661168
138.4681821187356 197.2215897318074
107.768909649898 148.5823183034018
82.86799880234632 102.61606146343476
193.69055595487248 322.3386801767632
160.04673669760615 283.6074316898954
60.98676508009782 61.903811795229565
114.88353424444304 221.84436516129713
71.2232658531685 108.20393420416038
69.68025824793186 109.93840432863784
66.25504199314223 131.39346401143422
59.42883429262399 252.05703230709113
58.30481597281808 80.36830522125216
29.342226677805787 317.6972001796903
7.307368777649927 304.53266998927774
53.32381783522645 86.4720137311537
41.53986774347416 111.12212435547627
-23.5315638419072 239.115738056153
3.5211731888218623 158.91449698762852
3.5781305703529043 147.6683280679772
56.935773781854 65.54655180254665
-21.623204165095103 182.02171142497818
-59.7151020624507 210.3258506854863
-11.721307543725473 147.48579822694055
-0.3855296480637236 125.87308028239451
26.40340199671953 90.73598714949438
-88.39048745991366 186.08592302419885
2.5942381225323743 108.01791322710207
-7.868868858821557 106.16899258461677
41.77293146846314 70.68621503668703
4.65241320495344 84.20580384498862
-92.50966423064364 113.50333252971757
-88.44957839060402 96.35040546995927
19.63839310904094 68.7818070996487
-56.26323172550923 74.05582347802277
20.44567866436693 60.84900829294228
-123.87519834962467 58.0318207379139
-106.2793080149491 42.73457264797418
57.07794323674186 59.75670931956217
-3.9310697684093725 43.90041744284618
-86.41648325677687 19.86114068702775
-67.71498304188907 12.722535977175703
58.092785708231844 59.25013534786667
-90.81198372283842 -30.30535628631749
-15.854111777239495 5.625242536970148
24.273369352564444 31.678429379640846
-22.99953672820989 -16.030040097093604
-6.706552797233158 -8.828792730947782
14.445274696601878 11.383941845723697
59.738523617209886 59.68897429397894
-4.954063016964767 -27.444381443291448
32.064646495889455 13.599459550148424
38.524178207168276 14.327024977360004
29.108685486265987 -27.153561977425255
7.3791297598628915 -89.61846488128106
-0.7557663118736073 -140.36732287003278
6.626269498507682 -123.96200821437509
9.523333095144878 -187.59785589934378
59.35316394679902 54.96606013201615
25.582191429331814 -135.64351196410166
43.78582247086591 -75.05256937977515
51.27724160817471 -117.91656023751753
69.91460045652953 -108.97510764066763
61.27736565633006 49.002588198880964
71.72627200677783 -49.89225989987146
82.70621796774431 -64.64235089013197
96.13015883480784 -107.11070053726544
81.9605912165625 -7.241475479756531
74.52827144196287 28.0763472051104
159.07868065335146 -122.5584926836361
66.6700450225544 50.91812922485654
114.6877833771849 -12.038093724784204
201.40958979042748 -94.8025358834063
88.21822489464738 33.23965428072589
64.48861303193235 56.30133920444826
145.7375249500123 -18.496765026196897
211.16010490392856 -51.49501359361905
172.29070967581083 -13.76625023174907
185.12491639259162 -11.886834389169081
135.82110469760426 24.99165656104484
239.98832111396297 -12.920843456083873
148.92593437844943 34.46733689062049
87.65666777169648 52.864261550913696
