1000
-128.82231552362782 -481.54279188001897
-129.6722573291395 -529.3902090738794
-79.67289857582878 -114.07332470433153
-288.9295381278503 -2006.6070299155658
-166.38921120807515 -900.0533595313107
-98.31815075923123 -293.7199206497303
-224.0530563691315 -1627.7792307367013
-296.77098806941353 -2489.32601496074
-118.56106351381285 -568.6748496399687
-121.88206727064642 -645.1596102654964
-105.2434206843469 -481.1645681490829
-156.75755951057323 -1353.8185647030398
-193.53301544641516 -2066.2089897631795
-88.41898264997276 -325.8501137320045
-84.42486259358245 -300.3242076738518
-80.3742590999397 -204.2074118831154
-122.42806756335574 -1553.1168907672209
-84.70430267046491 -484.74470260620853
-94.39530811563623 -1237.007542454834
-86.00297495491475 -2236.209024370693
-74.50795019586711 -701.6112874814763
-55.29096656054699 -1574.247069034157
-48.513000519296696 -1775.6098502662214
-73.58388463247519 -142.61530503859626
-73.59688329430175 -124.70094612082846
-25.509907181701713 -1375.1626458097287
-37.08249121867271 -927.6379324388779
-19.762448765921427 -1234.7413008501571
-15.8095759191214 -1141.1356916786426
-69.27785346871262 -166.89607351989275
-71.3692113324162 -130.9171965316948
36.45889563041142 -1452.2545345833491
-18.122917867656525 -727.3608720633661
-18.38645655591948 -643.8749654712768
-54.161358999063935 -267.1842032138321
89.54661209024792 -1460.6048929739025
-10.304668983046952 -569.3618788125336
93.34996031481285 -1343.4943022357331
27.542428663432247 -812.964354919511
-50.42744191241188 -239.63729487071942
-10.47037357268428 -495.5435069477129
152.23898640177717 -1484.7985638600428
71.02242573765301 -932.3292512141531
-16.6409569499653 -402.7326388275909
-33.63941933859673 -302.29019037840123
-68.50958232002337 -110.41944102452238
130.19583230693473 -1131.639474176262
-21.178279987750663 -345.98741936431327
84.4587518151304 -869.3551720206666
247.11540225539912 -1614.1563840439167
23.89375435084436 -538.9443407909313
169.4758325245069 -1158.4551339131253
51.286097375010414 -634.9942430613029
-4.605882501796259 -378.1791581043559
140.0304012879922 -951.9352413991567
190.4708258045067 -1147.5533254161892
142.15888148268508 -919.5263983091322
49.51374352837914 -559.6293719339578
207.0879882702275 -1164.339091360687
0.7370037997234249 -361.73397552635026
142.19493794626993 -884.8641772429854
78.36240282642336 -627.6777111078646
-36.241175784236766 -211.44922452132727
165.27915136280794 -882.1850722441666
482.6346859262421 -1929.8685856867257
245.42356038289645 -1128.29531709458
211.55366854080236 -988.8321435930679
310.0913399700637 -1291.5785984137567
453.57774789132395 -1703.4509979837467
50.51900370421767 -462.4962035434228
-40.311748704974654 -178.96851245677533
517.0991923709585 -1771.596310363354
-24.670804093686073 -214.83221101434637
104.622330509422 -562.3991875118735
280.9345147511567 -1008.2550924896818
56.46917935215808 -410.13899371051764
2.7924071400723136 -271.24437433039145
17.454287823445853 -306.9055390598415
333.65853446407345 -1063.790863902008
152.20403185874108 -606.1646650727064
210.17848284341736 -740.6891195512205
623.0815795754145 -1650.080183817546
27.60725213189835 -301.4861393105058
797.8089173018469 -1977.1615497370067
229.71980769656736 -724.7602538539784
303.74704523993205 -878.6762903506701
892.8364230688661 -2076.004130373697
403.2436712147073 -1060.0232903305607
274.62222649659077 -775.7176885688882
286.968770074243 -782.4215150009485
23.13546551638568 -262.28620169320874
608.6324810965633 -1359.8587428971252
311.21668948267313 -794.0877805040244
768.4496486549721 -1626.9123908706606
514.4727977647053 -1149.0966559593594
219.31907969146508 -601.8715210145717
441.65082500648066 -992.9328394253047
1093.4166948934908 -2090.3768932118423
347.77519252498814 -794.1117221483619
1407.641507890539 -2593.081043581871
2.0342957655920486 -205.25449658822487
67.42692020083399 -312.4246493565653
87.11732795541946 -343.50925995231273
327.2032166640188 -723.6857840019178
409.76073129476424 -835.3459365203139
-45.53399492702984 -121.64015299609832
455.0285634245894 -880.9147015807125
356.8285436866215 -730.2897518666789
618.1969637240653 -1100.0741699759585
-19.396996921666435 -155.84838676794016
387.1152406567702 -732.7636956516188
669.9790833116766 -1114.142695199257
57.14625782885986 -255.4222936583309
40.21109840850376 -229.29683781089187
1069.1391994362334 -1566.7511328585651
577.0262359391013 -905.417619961257
213.11872960492397 -434.9207573277371
11.683010396831008 -182.08307128573398
233.49390557071226 -453.8890971940847
200.29108834091593 -409.9450809647311
296.64462519157837 -525.3639536309016
571.1756971331836 -848.7113803996493
78.42500567727154 -257.08371575930016
514.8475194939784 -758.670420062542
372.5326276442029 -589.0892238491637
132.6865154169369 -312.22802760583033
442.1163858359705 -660.7556608410879
1198.996377409322 -1500.9164929407
561.6105995157982 -785.2652977308716
1020.1121404120194 -1276.845159090616
1374.6895435688568 -1662.4289912950476
71.32112563195301 -233.1040310183969
47.39279212967887 -205.99138256626105
117.85771177255754 -277.81742413717325
1604.1241145027793 -1830.6452394872495
656.0495642637833 -828.8477291501459
106.83663576377975 -262.8068820105244
651.4058171633292 -815.2259154789012
320.6145476144626 -469.38141466412026
734.5915052065204 -862.4232171096512
609.5150863955555 -733.4513077694137
1777.7385370490329 -1820.2006973426749
717.8869666102989 -817.5300039529134
151.21699382220945 -284.3934552153907
653.6074737000499 -737.8109296798227
860.7887429076038 -918.4986472685508
-37.937102965241245 -108.81103339043787
405.3117779925134 -505.387781218805
851.8440688091476 -895.0208489261389
353.23809545355834 -445.71814941590355
45.93037295196042 -177.84055336506447
308.24251508587963 -396.388304526447
-73.71450367062815 -76.64449218177346
728.2853418708797 -733.3783891474226
1870.086675675213 -1646.8469078857695
1049.4926240731077 -980.4523882086161
480.39021177375787 -521.239601917379
406.8092105705922 -457.69662116044026
1737.5744044289963 -1478.0377025310013
744.9156631858714 -706.4723248547543
207.06224811152273 -287.9682866366559
1272.2193645474551 -1084.0089782364091
299.07751307806734 -349.4898962433198
163.02720412255252 -249.4881302885146
1154.7152659598057 -968.3674589082392
366.4849982794244 -394.86256283093917
388.0656020725944 -410.4124591620307
523.5969741431718 -503.6137588138067
216.10183917433417 -281.32224296560764
919.9908790717257 -770.7910066077077
1205.0634821342587 -952.0720967663568
519.7950373085539 -481.97275039982264
994.6112790693327 -803.7247120593216
473.2898826227007 -446.6144061004169
1549.7250598431342 -1157.9829933570538
551.7899671122028 -490.043646565829
201.5497274873638 -255.0554145562426
1017.333951805687 -766.3050157512333
378.3250821137101 -359.6170372805175
32.59175191619538 -142.3182336563015
837.0579403303997 -632.7462841811845
-53.5891080949135 -88.43861372505833
1904.9561411931936 -1248.48310241222
1124.9680966764643 -778.1590405202844
-40.29378014638948 -95.67592494093012
2744.197352210433 -1712.4142151334759
714.5915426229693 -531.924013692429
471.7287184331774 -382.8106404720601
449.87220703117885 -369.1618290826773
428.50172750567754 -355.1251796677054
1289.0636998410541 -816.8947128405154
69.60087911345806 -152.11316914683488
589.8026473153303 -425.00651686952756
-50.50392756203409 -88.22753459191037
-4.925322056741464 -111.57250332487706
455.96681004025197 -345.3914712689467
365.79320960931545 -298.73072284973364
151.31793576883152 -187.52718191831968
469.3259441300801 -342.11238553697297
556.5665444322033 -378.0662606498345
1602.4149605758648 -859.664651910341
-72.35787794167861 -76.68472960073326
2207.7370329339883 -1107.9840407400484
416.61155345102304 -297.09094999649255
-10.386923682684582 -104.28006415812828
571.1333778991988 -359.8571156433594
1066.244538087004 -577.5924877310221
189.42005904135297 -188.96287753232593
19.87359233471844 -115.4125093538228
427.08583265411676 -283.21232318070133
117.21572531738994 -152.74112951279324
957.4421415742225 -477.0057163256289
1050.7679616465196 -498.7793851437269
175.70775152738398 -167.53984883156295
360.87265971760644 -229.288468103377
42.39271247003701 -116.76388670197369
1008.7565196503639 -455.7320898288432
1585.323615469723 -644.6544364974658
3211.6327281080457 -1180.0204627531843
2243.3808413179527 -840.3396059997228
744.8891354260547 -334.4281423279223
387.3110709089409 -219.41738310963885
963.7705281579348 -390.4874472326087
-6.410996409869938 -95.81361147859853
709.413369527465 -301.2901297736205
607.6091918218 -268.30900506941373
1053.2667213618174 -385.04929072380105
2303.382737588029 -721.6019315210771
-6.906015337346645 -93.5753144783347
234.7004059215569 -155.94004130622892
-58.27481010114088 -79.67796123344876
420.4930077903548 -199.98324281571215
426.58607105088674 -195.9281040741307
2330.7536213893595 -643.771897729981
697.7387118391149 -249.0278518263208
342.46772205192815 -167.7420134868292
-32.85359698463212 -84.66233772548412
1911.8752814859429 -493.96273558780115
67.18964578282345 -104.36315090522771
1830.914258206298 -461.9427725874317
739.8290631954405 -231.05155947093314
126.59828112370877 -113.00691762623224
1083.3667699536334 -279.3672908740634
602.3902388504949 -185.9400523054628
441.1458251079248 -158.51471702061536
341.2327731551974 -138.09843568948017
663.0541823016822 -185.26669611928273
2206.032713195605 -397.7897926051329
1602.7635024058898 -311.1004439261807
997.722694968233 -218.4670028212596
329.54407496716146 -129.2990454190865
1078.5347775804587 -218.65473159073485
1486.1715532693995 -268.26547392031716
781.5584671279989 -178.8934490420648
1489.0082669064209 -261.5755199881654
1190.6394866216833 -214.89743488393404
546.382116815973 -141.00677569934342
445.05892489482824 -125.7272676226709
148.60177655456917 -94.94110887525399
777.0216075708641 -146.33726717995495
322.4815315835963 -105.47344334366875
277.9958750998836 -99.63477783905914
1344.4734271655016 -156.7833676610655
1351.4461987796572 -144.10618734433274
1384.3074303424899 -135.28299249816115
844.7283127873214 -105.78716911831646
-63.85156339907992 -75.67618651351658
74.12213155458474 -78.41816918938449
47.660615139256265 -77.07988996817846
2768.8896056179433 -83.24396238046597
2400.5427563310877 -60.82130782396848
2152.5967302338477 -56.521349962743784
464.6563774427267 -64.12381358984234
81.13280197126912 -71.55516344420987
1950.5377671312729 -20.502526079051727
210.15812991547025 -65.36748097759295
918.7971253971447 -37.44411278170865
547.0202162649631 -47.81336491999329
1262.6713342873882 -16.123155644024905
124.05590722766917 -64.95773891358893
768.0291172880534 -20.852025911165818
1006.6845387041584 -4.482692814546624
103.86749366732678 -62.551061969333844
2263.686078858337 105.68237174155274
976.6363569428275 10.674842406942375
979.7510204983117 22.588952288199934
1578.3031981016434 95.17375623031526
401.64525696042847 -21.00580989276255
195.05106237681744 -41.89222558851657
54.38488068514775 -58.00476133961537
177.28513922727237 -39.14316513967745
164.15363190190106 -39.724518648883986
431.42082797534897 5.162033477153585
1231.5151634245922 138.18681888961032
910.9051408904093 90.53149780970426
983.5982541156683 104.17348063139417
1264.625268969575 152.08015978168402
490.9528893804379 24.383426436090616
557.9802099150907 40.82523550260602
579.1992424615029 50.9539444273713
66.55925120537626 -47.33727135192171
351.9691903932488 9.5244031559142
1609.8553713596882 266.5982558306798
178.16615781254941 -21.430135098646282
392.9763031759959 25.377500839526576
2038.9862317371428 395.34306875832874
-75.0781950218236 -75.26799351563362
163.82083894401669 -18.193365361609118
490.6349135838516 62.98600897940827
1305.126823202897 266.6197320992385
1047.263966754523 209.3381669404877
925.9490154424235 183.11785172669303
719.895598261333 136.0052784203442
1942.3097432540228 473.72689860691435
1579.1501847751472 378.6523482325333
956.8195654089426 212.78738790804326
661.3861209900557 135.0077986112212
1295.842781692444 324.2493155857933
924.0901596923038 221.51393023217574
1507.3233231309305 400.9591049092934
831.8747679668949 206.62966770702567
731.1181652412712 184.22676854371534
193.1051856455367 13.984705765853576
447.09752581113685 98.78474719989427
1485.961878898846 446.9750149443785
-58.709135623734966 -69.75531558374868
686.6547123014698 189.69354444560256
1534.1085439204503 485.2871666805937
349.9089853581821 76.14780218821036
197.33132183968425 22.353211945924585
1263.3485272931732 405.01633015302184
239.4504055094056 39.37067599744179
1658.5905864125239 572.0283665762339
1191.5808021442767 411.7562799368858
444.98697639405475 125.8491868121099
472.2686107913694 142.32257538946052
994.4656561873591 361.97681977271554
638.1475326889662 220.67968786909418
676.441684434036 239.70960986442876
773.1998804250295 280.5927199772419
1517.47797694231 607.8325795394408
757.3300873288332 289.2051945052307
693.624167009186 271.8205293601503
2442.170400791884 1090.7612527437532
78.80695664870316 -1.891152399599079
1000.1412807507551 446.1595120428626
1032.3430499255596 475.4650365290372
630.6004384367395 277.3774443282406
979.0160914622394 455.1135162902216
1533.5952916274914 757.4629675151936
-1.7892599313913706 -37.249561957345485
231.46324389717884 85.66532646732392
889.3173174862414 433.0876061426634
907.5450426168117 443.9301697809475
1277.0317647340537 661.1922184708321
770.5855782682244 388.8704147107776
517.5442892839711 250.10662956114717
722.1672817101171 363.8979576790458
512.0157289904181 254.1847739772396
102.90635365714817 25.283480944188838
779.1999317228143 408.44017826375955
1132.8223995428937 608.8850804563003
1021.4562032857174 549.3857072228753
1020.4707018012283 553.8386588231768
4.736074562793789 -28.866592882001783
1058.293433136482 593.9358345657612
585.2250748752315 319.91235632587336
836.8863770409844 484.9462625628116
475.2619720309127 269.0723478356176
1099.1126958248353 669.4525516323305
1134.262829338881 695.642932325926
637.4468365595599 382.63007731658536
133.313162189043 58.94524130978354
509.2156249828299 300.94931786092525
2081.2264797157563 1323.8971168355063
389.2033874865332 226.30983004744692
467.0176410172446 283.04446070739766
1245.7740116430632 805.853698091051
388.0187482564206 235.83476615066635
1834.8033917953253 1224.9592491182536
823.1478675020642 541.8416687947401
456.9214978562766 296.5283963623647
690.4431348981426 460.95544545751625
450.8358468322059 295.60518583735734
124.72384335742555 67.17686564242089
718.2602360420073 494.9156922419792
795.7081195910343 558.4778833618351
1037.6763352978107 738.2167020587195
153.60875194334298 95.71187729923489
1714.1095942757613 1287.4735501377118
652.2099956238544 491.13150300882353
36.534357348869634 13.107901581200423
266.6670423452098 199.81844140997012
327.61484092508977 249.29760726031859
1299.4369768449285 1056.2614557539243
991.224121684677 811.4207432063259
847.3438271171236 700.1719340448914
-61.811174070788425 -63.81180760604209
904.6945557956562 766.9636098769238
660.8788306594491 562.2843525303109
732.4254182058089 634.7007010393334
344.55709703384866 295.3634339624092
1085.451624463373 962.2751627497377
207.1890590047935 180.44739157895742
754.5770234975578 678.3923336744042
575.0689597963262 522.3756957133668
716.9624440200615 667.6528315260609
680.9182796385319 649.9275029857479
505.1746564469371 488.36508070535274
784.250437806304 763.8018956937427
614.2222920311051 598.3132097600438
42.56403509162028 40.159830252842895
302.9852931163118 298.5674071923863
309.0778455632053 307.58536141565116
66.56013266558315 69.0484280662005
1331.4289250369359 1369.6314487357934
-54.419881358274125 -53.85025152949112
-17.097258706603455 -15.029488620251705
1129.5831327090318 1198.2869345002548
118.01722769034384 133.48840573162008
1142.1648171296667 1260.2526843411795
-24.288521957032202 -18.859353067473798
303.0963566724679 345.8573980522034
-61.15203842626184 -59.48180865499568
372.25977417753165 426.4141801156809
359.2834157980906 421.39160734106497
1268.2581806564087 1488.9706832676673
267.9522212662763 326.9608165486179
1416.96204321483 1684.143099760109
149.6545508651543 193.77921092044963
920.4645376188118 1133.5517146452082
67.99040658316542 101.98820136727443
691.0544857763534 885.4508799379205
225.03598088287774 306.7428991860663
370.3234742752735 498.0530785669888
-64.78482207645374 -61.49808883269344
192.21156267121384 279.567692358416
783.0777263294096 1086.6078220314007
1748.095483294004 2400.2058700848706
298.4419487564692 437.6510833883184
381.46538508475703 568.6540250684589
41.14125226434109 90.13128740027662
476.60457372924486 729.705412173195
99.31252205168286 181.10448778862158
1090.248910214393 1646.8083154136027
263.7122516918922 429.06990020092985
543.4555167814913 870.3710215504104
272.8445617959519 471.8464848102708
258.35710159606174 451.79063466864477
394.2437077190543 670.2562993439733
52.12023301599248 129.82661044724276
308.65533562803705 550.3330415428169
44.02805554391314 121.7872294885664
85.56472912125801 196.65907789811038
284.4110620960687 549.9729535750672
177.25103259478527 365.9740497246805
175.1715163226924 365.0481366659203
928.8913622445256 1729.439974361995
247.47366197523056 510.6394909643335
200.84931716340506 426.68767495876057
366.0690685932635 750.631118962772
123.4778040289981 304.38421270809624
534.5545540395912 1102.4856580317155
159.83535591492094 384.20231678955645
633.3619566839247 1330.9791727260229
439.74968447323886 969.7709892286545
755.7317617206056 1665.4173358592325
66.52276615985738 223.62319307205505
261.6797723514853 656.6341670739668
281.0807071714065 708.4801094230818
230.28155934863727 599.0372553786642
841.1186285072038 2000.2070864334812
306.78788869645257 806.5748880581666
648.5686529330626 1607.087601759208
446.9585556017987 1155.0267453634904
656.8301594427877 1701.425068786031
147.57373485618126 466.90385568806107
-25.52975847182548 49.51803657121408
68.65567357457346 298.55480180642826
686.7351214314117 1922.8554610965432
14.949328054664818 165.71426232855666
6.493535257618234 146.49966921440213
116.44152972861619 447.7406412439417
620.5991636396016 1859.346850597853
324.601088358899 1064.515495246428
153.89064798677072 602.1620702139572
364.05638303996216 1245.8595525123346
47.225226459429436 303.7002258490388
229.41331774045014 907.3140466594451
-70.40555585182398 -59.3595828216113
-49.27465726648518 11.030019826822183
185.90877572179753 809.1427094931214
25.175912117475548 273.02202270386056
32.13051169545062 297.1895778985879
-49.41362074985956 18.09752897985389
11.931789409279475 250.99058775301646
296.88811083049313 1345.9010244780995
247.87494417459683 1169.6260802808767
153.97217069054204 834.5467909530175
157.4393556412257 852.3808946952875
149.49066524055178 841.1023543110753
79.98923111621048 578.3830417994386
177.11980599243387 1022.3395400093995
-16.006175617478014 193.92281131289027
178.92625773317343 1141.0034700093033
219.26518554073115 1376.4349502620705
318.428016380671 1992.7392144701705
133.73824838560643 1053.273031811896
74.73218612907681 782.2405172044438
18.02365949217466 478.62573294742697
-10.013218093368849 328.46193888666187
149.37019434844777 1334.6182941611535
-40.3514297659045 157.12591752008018
15.755335739744751 540.7992883308405
-30.498091184631186 252.6898924724221
-68.37888608428872 -22.25797977963068
156.8206168262403 1892.9837786612566
-41.77717159042764 211.48049432697005
32.089656935506866 905.5643250048284
-20.338129512858686 481.05472510144193
52.439160093030424 1271.539326479219
-18.479467346996074 553.0825544109083
-40.61020802460541 352.6864994406984
-54.750075049314724 191.39506840398357
1.4541866239127756 969.3409411321812
-29.27288305237672 568.4973673301755
37.06844687653678 1752.13823894954
-55.55475745744335 289.2258117807952
-42.326533340947734 667.8679061080529
-42.78044331107267 676.917475634128
-74.76081208243026 -57.769766946888325
-62.08397849107837 532.5479240253406
-68.58101990859784 659.2518554213237
-69.28076500408552 1656.5757414915909
-81.90488710751018 1044.7508269064278
-81.58964384073609 385.83926764234013
-96.07973955927366 1103.310540833666
-90.93577945786272 613.1094803434429
-130.21932261338907 1593.4076329181303
-178.4786431055381 2545.607985550724
-90.79149702576366 305.76550276800435
-160.53190976822543 1544.7194895438925
-190.75416944121923 2067.0591248392557
-78.3119881574052 -22.52939811650191
-77.17854034869089 -45.81559001282337
-145.88134764549994 864.4358863976383
-103.5641039262253 267.8675174830371
-141.4289357607522 673.1880460237203
-126.54077725681611 454.9880957303235
-252.35528094166406 1621.1857574435364
-77.22268040220979 -58.98252509918811
-156.01339877240022 552.171668115837
-356.27450587486567 2061.969883485116
-294.22050694293273 1571.0835377824778
-122.67629707746735 279.35513035241934
-98.65812216478204 97.22216688754577
-369.843546597529 2032.282880709901
-158.87706509489016 486.76828982198856
-223.02204465616717 914.8407306743393
-199.58098285170144 711.1032578821432
-149.4260845361506 369.5444336253995
-483.8112394075346 2250.8539611000574
-417.59388025072815 1817.4770224591
-172.26459094262196 449.5151636185442
-293.56131857451317 1063.3182568172942
-154.63834332894265 324.39159859279596
-367.45288170377717 1378.5035306758257
-455.27877050307654 1742.2548660633106
-366.7097781061441 1276.165936727397
-185.2982935772017 432.8912782917639
-174.04769967354216 364.0990632083523
-144.6897973067763 229.80611213153125
-407.41450771624307 1304.2782179833575
-90.8675218084591 -11.453177297970072
-232.8125854756661 552.654655230622
-122.57728290203491 109.58286327468105
-138.61680997579722 168.39468340539008
-501.2240053133834 1556.1647899647262
-635.3533988476105 1979.5589173726983
-83.5680054532269 -46.451213556750204
-309.14087466854926 708.2754349541347
-545.7867056813242 1464.1190777938693
-154.9777796618103 183.82601173491534
-139.17472799677893 124.60358118111438
-525.9454170139785 1286.522098155301
-748.0965305655209 1950.6645674952274
-358.7933183332693 745.8930067565816
-701.8461243021267 1729.1371156187804
-240.78409141939886 394.1723042745035
-319.82550479673694 596.419260990503
-87.68105158524668 -42.51777863887468
-708.1848387307341 1586.402917509464
-143.84678405723884 101.34793861920957
-678.0236105667553 1474.226459758536
-395.82517156513507 748.1184045457961
-839.9841163124131 1877.1159683906424
-404.1139093909959 759.3000507701613
-535.307787831969 1083.3468913725026
-420.28989721416224 769.6352561785242
-256.96524743161115 360.3167899513762
-903.0228033889465 1893.729508820971
-681.6842967851618 1335.40936707122
-505.06463521257604 923.9973325495382
-185.46667096619495 175.99975690601542
-474.09626197668183 806.6849856180942
-150.31095236703652 89.07896218527179
-203.66011004344517 204.70003822517472
-425.9760907944561 680.3647149420864
-173.9170634716676 135.93823110138584
-101.74923627568478 -20.40156450567806
-265.6461416193943 314.510384281307
-248.44989881115583 269.69884912854855
-98.91851977053273 -29.664139493160206
-456.28209063049394 641.5811090750341
-117.77592354037381 3.0421394041926106
-137.14040171048498 36.08997873144307
-751.4738381797251 1126.989949890411
-504.0442929272174 681.9337422464429
-209.05714962980142 160.41406102232386
-580.599695863159 809.3158918111706
-180.8108389085987 105.77051903253744
-507.96158937900213 654.7458024446219
-199.30107930962663 128.34546612666645
-141.09271649958188 31.138140576036378
-463.4468614710079 552.8827726377583
-102.44204821845938 -32.2951401465399
-415.95352310366377 454.0698798502357
-126.44886578703773 3.987685566847958
-135.2678238126175 15.25692622989044
-513.7612122253893 583.83364365296
-285.59661447751773 238.96787674092556
-947.9094193524861 1209.927781185992
-681.7539652072636 797.181296339317
-550.2890219355503 607.1864988033202
-550.9264600082165 607.8651957495837
-477.6650786335839 493.0737447064174
-194.39279160137784 89.40720488520557
-324.4239230905895 267.2044420886558
-1023.7937778957174 1194.6701673866974
-359.77541308729485 296.87839361597617
-382.34700914306325 319.64290021909665
-243.5593971929329 135.780709029603
-1417.3775995261806 1603.0135947688905
-1208.2137345315023 1312.854903061982
-1691.2782032467962 1873.685192866751
-809.7439147274382 794.5691958702962
-180.77788305505504 49.46544165728942
-1419.8888001361574 1481.6532372700278
-1185.584447197953 1184.5714950841575
-1053.0062314935797 1027.4741428499642
-504.9102426197103 405.9832444478578
-825.987841056027 753.3359591678708
-102.96435498634105 -45.29767843805176
-308.6270012877958 176.81636598239453
-1070.8744830391922 978.4566568136951
-743.9988036443108 614.7995746368792
-263.67594563376935 115.86922688655986
-387.9957199223355 241.72759530857613
-419.92567043005135 270.3149798380758
-172.6475553410329 21.260106127006154
-1341.6282875802428 1155.9290397506645
-717.0464286566743 546.6791636109531
-413.3948041116146 244.19299994465544
-1399.7995024662212 1162.3599569733244
-976.6235326536536 764.9889740164632
-111.13036954486736 -42.06421433277108
-1830.1572951675898 1528.1467264588127
-656.5524087610258 448.3547462525298
-594.834018443513 390.3981091221451
-1612.1630245551562 1269.3850717641035
-919.2185652523492 652.555281444788
-159.5067147639946 -4.341900732882465
-402.7060019419321 196.98066898629386
-1572.2828339352757 1158.8118021664923
-1318.139786058521 937.94071794822
-1087.0118698865492 728.5923089714847
-177.63062264763334 4.665121948455507
-1415.281068605111 965.9704113903734
-2206.422620643325 1562.6307094287836
-1969.560532888283 1379.0523467894996
-304.9702109080321 96.72178942776435
-486.76488031580243 232.88077185390856
-176.08678244079408 -1.8150638360362734
-666.7915812463112 349.1022093858253
-645.7563626401408 327.56427039870096
-561.1007080869674 263.2067182349592
-115.6405096233297 -47.25584412488831
-1019.0733629821318 568.1953531907361
-840.2907356840817 434.7528508343179
-125.10091528258319 -42.552709016684176
-476.94195259268326 187.3229467048146
-834.6019321133429 415.10019794565414
-2108.94812140614 1215.9420211084648
-763.1037622441053 354.04445590865885
-1307.9758415264018 683.3902442627573
-149.7585802037949 -30.295202575881923
-777.1748430728659 337.2925038127345
-1915.3511053174625 994.4986995982039
-998.5714452839358 453.1952140527501
-312.56162143534374 57.8696888781904
-902.6220481493505 386.1541675311847
-420.5665593257819 114.19359732443434
-1357.8068167843403 614.3572895507837
-2268.3446893858163 1086.1002871581998
-763.4963540509158 283.452354297983
-96.21092728007665 -64.71589563574258
-1091.125721494803 436.9225418238534
-1073.7732755056443 413.88443767925367
-206.21575138013296 -13.23154167378712
-452.894722723363 100.60252032917464
-1132.9401793925106 410.2545064267397
-1200.1592686738375 425.6551196695724
-1532.21985149315 551.8363351717968
-398.17294101995583 63.22065375858469
-315.2607614273469 25.251425687100948
-523.9105943722902 110.34611915863559
-120.97541180892377 -56.668093693347885
-1885.6960101201616 650.0769129595983
-1716.937571857451 577.5116509153851
-1163.0815262803305 352.9064748692216
-218.368720017103 -19.09365817142671
-2687.899925919507 941.6593479916647
-798.187867400539 197.1841905990349
-581.6582894242955 109.95952047061513
-175.40862136706093 -38.87059347587658
-1285.716621386003 362.4663476073472
-856.8792257874136 197.47937061192957
-1286.0398964750257 337.71856948020934
-2244.3324348282067 643.3466101977363
-232.25044220682548 -24.866287127610384
-300.2108529062127 -3.789408700291105
-1113.8705833593126 249.7899442772592
-631.5677675910617 94.4725328628416
-612.1945839954394 87.17505971733792
-1123.3088063817424 233.03170106200153
-1756.1228219567847 398.20833712369677
-941.1866347604521 164.7273742646345
-1022.5351853365843 175.20511370467028
-367.0179479427155 1.4219132699206796
-1217.4596343878397 221.44339318743945
-1030.8561054897627 169.1656040839317
-1125.5892695194486 179.5520352072864
-2429.260297295703 464.29742555016446
-2245.3181324984807 393.9758073960668
-546.8172630022619 23.465605609083497
-545.0831576874043 18.79148592754356
-1503.0951414319738 206.00874035272662
-205.86464848810184 -50.69487118210053
-1605.9714616241904 197.23681271967243
-395.20142984172253 -21.07332050929211
-889.266743842504 54.79133364630971
-1413.8515783506016 123.95498265956834
-824.5212068207818 28.074671326591684
-1310.9774034840295 87.49568534686043
-465.0818189303732 -28.012583402385637
-1229.313672579426 64.7104161503801
-1087.7892781332603 41.480290007739285
-984.1596768177561 22.520377737247713
-1167.9604448593047 30.779067499178595
-667.5296215744764 -23.716232492802092
-1035.8409134126225 6.672247169605058
-1176.7564256949333 8.037687631634412
-699.2639119981965 -31.79402049748404
-1334.2523962404443 3.8796334093121345
-752.5545465539896 -38.258578331222054
-1757.3310792638908 10.672725275043362
-1775.660477370223 -4.051748622082371
-939.8235932358441 -45.03500058699677
-2444.642447861253 -1.8417034166153456
-1084.4486180977638 -53.91507124853136
-235.13784458339074 -73.42969175894723
-366.33751855821663 -72.61732995900371
-721.2055515520285 -70.79677343848327
-1427.5680479197642 -70.36977685975737
-400.6919512448411 -76.23004053738683
-665.3784807662573 -83.3918095897737
-1302.5194517957384 -99.84546427783
-1605.1152713978338 -107.2483457002478
-1147.9012073030958 -102.49147983147986
-1929.1966059443498 -143.53578015485058
-221.4914146511877 -81.32620137184207
-1830.135528513016 -155.7099815546996
-358.34020614863505 -91.05938875658802
-716.2466019936496 -116.05145169146049
-776.9304457589965 -126.88739693007449
-504.79731179759585 -111.67421379928706
-1563.5231731848062 -219.15933256667014
-1683.9684444583197 -248.02049697943954
-1144.152541095777 -192.71936604190205
-1404.4692127253898 -223.94771484907855
-212.83765571510216 -91.30423109933105
-704.6402613453793 -155.32353513012467
-1203.0907999270871 -223.01790476586945
-2238.5917079602805 -368.0399234979776
-1457.2133004283164 -277.6802009608216
-127.23164590632439 -83.48683590657119
-841.5640998816294 -200.75025169277893
-1001.3684817483642 -227.71677798119933
-775.6610235124976 -196.98630996747852
-647.8575290860566 -179.1655961446874
-1799.8346332248823 -395.901546219697
-260.48024036568916 -111.89381698915275
-1419.3744196120504 -342.60123101812997
-306.55729588415386 -122.92567461578652
-457.22157805428105 -155.7212352604858
-930.4475593638704 -263.0308794955054
-466.5615999388658 -166.40750794633007
-2444.848242165248 -635.7953165820005
-205.10896879394684 -107.58287702230979
-119.4774040089213 -86.4932851184715
-207.590059795523 -109.10413310827039
-1691.1749419476619 -506.49066210385627
-361.3408519398033 -152.00843700747737
-676.7382068535971 -241.54278197931842
-903.3391886118239 -309.03310972486815
-916.2867500845048 -316.10547405628245
-1351.2284463569958 -458.0439819272375
-1558.1842376340965 -528.7398378552133
-2467.655359260135 -830.3450411146154
-399.69933977560913 -179.036587648019
-1540.1982127490628 -551.3539672048753
-1389.157673828761 -508.64709454150034
-83.85444296651382 -78.24831570593821
-283.3867038950399 -147.10927027963925
-286.87844139245385 -151.02310420304605
-310.87449622630913 -161.52364060057812
-913.1785441394713 -382.21512594134265
-1006.6986294611094 -425.4030605462575
-190.03633327740988 -119.72299003604982
-958.0282983329502 -421.5950429391015
-1431.913677845156 -622.4792244161089
-139.66776932008844 -101.34659576339779
-781.5467575923597 -370.38814599997636
-717.769478722055 -348.02283086764464
-910.2076034707183 -441.88792851218864
-1493.9879834315943 -703.7234699599547
-409.72694471522254 -227.2595306694573
-361.05607026964185 -208.82502352719993
-159.196275618276 -115.1976057268837
-205.37919479614234 -139.0286359686114
-892.4096435879226 -480.2641810718028
-101.92674098291621 -88.71836192961918
-2024.936372734601 -1077.4877547470112
-555.8188333398849 -323.0952653765246
-1437.1709831682101 -794.0751474675528
-299.49256689121506 -194.76823812141834
-714.7709068300513 -421.7520582099961
-1304.3459753651052 -745.2637872051778
-1075.2886708164297 -635.8312347645324
-212.75084737123103 -152.84227829357866
-1180.350360314257 -708.4061199520247
-242.84168094686433 -173.84165616264153
-812.213969543653 -513.6763773847952
-986.0006852532181 -621.2820471364448
-165.10807183523005 -130.03120455488244
-1201.5562399005241 -765.7362714603113
-468.8611970151883 -317.93478407985805
-1458.1179353131754 -931.0924575198349
-787.1655468724765 -518.9321349552567
-906.890213605846 -603.6414065783785
-731.9877037921 -496.27216750818104
-538.2062946055293 -375.781653175683
-1336.1002556970889 -899.5240111388596
-1820.5611158240044 -1222.5608920350994
-688.2039209793909 -485.6278783829438
-154.53674580197554 -129.377430445764
-111.64988038866633 -100.38310266168114
-392.8222774994613 -299.6235121787256
-100.92971977453469 -93.58650621838224
-205.0106362178783 -168.19028631679876
-1364.0531593675848 -1001.8907804810161
-194.55544990503125 -162.64986760120834
-592.5629607377074 -458.7495796998195
-77.26106594363165 -76.78155214609646
-1114.7868176523402 -860.806048735899
-364.51338903604073 -297.62569099092605
-859.2710376755147 -686.0752918641091
-1243.3272591921302 -998.9299743047011
-222.79670562390956 -192.8181670079738
-497.12438412553126 -418.82148951971806
-745.9637963602402 -628.7909002728858
-85.11417294661756 -83.47619708353835
-85.73858450208753 -84.05204762412492
-237.53702943379938 -212.31221754926446
-119.06310619994603 -112.93861930627838
-668.1713938103801 -596.9887849044823
-997.60926443197 -896.2893206702265
-800.6713956102165 -722.4122806988801
-1072.826288730382 -967.6244969645077
-872.4866371490806 -806.8193853548863
-387.5049242332159 -364.57215339953245
-316.01438379532954 -298.6058350382118
-226.11900796467015 -217.18105299827846
-668.022666241653 -644.8397016835434
-297.24161431805805 -290.10871656132485
-1766.1328748294486 -1735.401599756578
-1091.444264006293 -1076.7099916888865
-1091.6853285623179 -1076.988990763084
-934.2445348775619 -926.6836402770085
-361.29558178214654 -364.21491930106686
-313.7364164825209 -318.6815007657826
-838.0814062406713 -856.0288062718548
-1050.724577865643 -1081.7741157651344
-652.2189144443321 -684.5375526367868
-124.12952602243942 -127.37301608936477
-104.51722435882076 -106.70924592315887
-1062.6520552854545 -1156.584588613164
-653.68931483346 -723.5804724255715
-732.175953192304 -830.3296154496244
-1244.012529471424 -1433.9098144309087
-1118.3366505391823 -1317.8787204692846
-1052.62953510709 -1265.8498887564272
-380.10816399155397 -450.65564306014414
-555.7509434232672 -671.7575105971434
-354.11823031083577 -426.97632289023454
-1868.5152777692415 -2386.8755023742656
-215.1931610608073 -257.3128129468222
-1522.8664619664455 -1989.800637181048
-870.9254365138346 -1130.685445957127
-933.3055818729138 -1225.551977521215
-680.8893528957053 -900.5163994612521
-454.3492728513228 -598.806283615753
-786.5861073983053 -1064.0457954866881
-229.15746391026144 -290.5006995052157
-761.3435017372395 -1058.6155725643123
-925.9463725055263 -1320.163183850787
-398.8686992062343 -561.5963645504881
-1040.522788764191 -1561.3764536843944
-156.10684604791948 -200.39858357607335
-346.9640910974448 -497.02470764431723
-1632.8369566924214 -2521.631665723489
-377.22743778802123 -551.0333562494366
-78.9756099119601 -81.13861194587517
-1004.9702051459556 -1560.2668161262018
-219.9106465943992 -307.4078172743224
-536.1910391683082 -827.5193593874094
-285.9147127110257 -423.39378150665516
-235.1380115846977 -341.91846218442015
-430.70779089928135 -682.5476408026739
-596.5690407537779 -991.7372482876121
-650.6876046045447 -1099.2838233004684
-141.96281037191815 -194.24776273140793
-412.96990511877107 -694.9947758189592
-92.2707445431077 -106.8488472027997
-731.5996241189235 -1330.92021369068
-726.2316450815595 -1343.826613542574
-586.3701102046061 -1100.997352639076
-472.3871114332451 -889.7102103561222
-386.8293195665766 -714.9501259725436
-594.7342767985889 -1147.330068636812
-112.26831360341393 -152.06379511807853
-336.73979503344583 -634.2666471557649
-575.3365936535473 -1165.6093341749506
-251.83524048858263 -471.6131855475513
-157.06449134632962 -263.28053540037513
-209.1811930074423 -386.0817492788874
-205.5658263817194 -379.3259129195184
-375.9497849186332 -782.9302703259062
-258.9873080313034 -514.1656180768728
-584.7217022106535 -1301.9007135957736
-425.76431025536806 -931.679380121446
-214.90353032832334 -422.20054529418235
-111.7003442004067 -168.07021632077215
-1013.9842857884728 -2524.2887388872964
-739.3330883963542 -1839.0628939413443
-394.2606557337134 -923.8259024348612
-237.3217024666064 -516.3631277400112
-125.64409841349155 -214.43295209295866
-160.56954420080064 -319.9269653854647
-319.984743838467 -783.4523018143975
-220.94081307627872 -497.8693035360411
-460.9789921754019 -1222.5802153924678
-232.24474717512675 -555.567485866366
-162.52865116688713 -353.53759111260615
-502.02213524621254 -1468.7252975010626
-364.94287118740556 -1054.8090849118723
-240.89171798391746 -640.982218032119
-109.97570568596879 -197.0917947076354
-108.53577542351566 -192.67272880716584
-275.65585560724116 -788.0201228563308
-286.76953772709373 -849.9070488657608
-530.5752662712413 -1764.6788376473937
-189.10841913027798 -503.1389149906398
-452.3932740560947 -1513.4652011605253
-389.4928741776813 -1279.3367590751498
-276.84344210862184 -888.3441166244307
-196.93030516357373 -579.2183466297665
-245.87017272512998 -790.2443339335357
-198.8743130087825 -618.972212411474
-168.04684708414857 -507.8318756103563
-120.28327563193831 -290.7315046007594
-273.7498737096603 -1039.766448794588
-126.50635250067184 -334.9803319922187
-269.8491855184841 -1124.6980780002557
-99.09711080204303 -208.25134820580715
-265.36128161118324 -1150.0905469596987
-138.44934307891376 -456.9823079446836
-143.9487615855842 -522.8125379740065
-250.37009388034951 -1253.227307068121
-171.8434764055346 -744.2002950332815
