3847
-966 -2854 2334 42983
-8839 -2825 1184 9529
-11483 -6422 30538 11399
-16209 -12788 22170 11445
-3996 -950 1399 1358
-5306 -1477 294 2558
-16412 -19930 44587 15052
-17970 -4193 5266 3499
-7966 -16775 11439 6585
-2681 -4674 19946 20653
-1817 -8915 5086 10479
-2765 -7174 5745 2456
-2179 -4889 15082 16658
-6270 -380 23178 4486
-2079 -34080 4544 5917
-21417 -15336 2785 45224
-2331 -20428 1704 1636
-875 -8509 871 1850
-25983 -14831 6781 24044
-12808 -6687 1250 13605
-1724 -8797 26166 8942
-1291 -1733 10331 9777
-19165 -20810 5068 2814
-24399 -39828 251 2863
-13479 -4561 33317 403
-5809 -14072 37126 50766
-2714 -15810 18903 18240
-18924 -3829 2589 15398
-3514 -4381 8152 3779
-13289 -8970 8168 7819
-916 -6587 5823 16911
-20044 -18458 6977 282
-6734 -9093 25982 4956
-2365 -2247 8570 29587
-8548 -13331 11628 465
-4209 -2440 7524 2192
-1910 -3614 2658 2697
-5564 -4439 10302 1382
-6163 -3452 3618 7457
-6777 -11529 8938 11314
-3713 -13162 26251 12644
-652 -2988 18035 2439
-5800 -37822 9487 32894
-5856 -2754 9655 5618
-3153 -7338 29663 25685
-180 -4056 2874 4730
-17989 -14312 1606 10900
-3933 -7289 1421 10661
-1072 -24292 4933 4752
-6599 -19437 2733 14202
-13498 -3556 4566 3819
-12636 -2644 44189 991
-14645 -4607 3367 9345
-1266 -21498 7712 1806
-10542 -6504 707 13448
-5827 -11397 13808 11355
-4993 -33191 22640 469
-8972 -2710 24988 1114
-31590 -1664 1159 1377
-12453 -35098 2361 53
-454 -1544 12250 10114
-5348 -5490 12672 2426
-188 -10050 4933 3696
-20583 -3956 26497 46910
-6508 -46724 4660 18020
-3711 -1779 31743 5399
-11876 -534 16864 5560
-13478 -13365 20534 983
-1190 -8765 6592 5692
-3745 -58549 21300 8190
-11058 -12835 568 32597
-7395 -5729 5472 6087
-52791 -987 8052 9070
-23484 -15717 4505 4352
-2189 -6424 2775 4015
-2653 -24696 19382 9516
-7729 -10577 12753 20678
-3094 -1020 3141 13947
-2642 -4459 339 3791
-24043 -12732 10515 14228
-21915 -6077 530 9591
-2683 -1260 9636 5089
-14354 -966 2446 1912
-12061 -1907 15381 1122
-31763 -10352 13159 1068
-8149 -899 6821 6977
-22641 -8265 16609 5662
-20300 -4209 1389 12117
-12552 -8814 42783 22271
-4479 -12372 1585 28606
-6048 -2676 5501 7638
-8535 -1396 1325 6947
-34372 -11309 13533 3643
-7076 -8207 9680 23267
-3039 -9088 22234 5804
-30180 -511 373 7417
-10553 -1839 14090 26336
-18499 -11956 4703 5297
-6659 -10330 2485 4579
-984 -2072 4617 8858
-14337 -65 3030 6650
-11702 -1451 7398 6492
-16616 -7675 44351 393
-10308 -4934 1527 10195
-14050 -11056 3727 15334
-725 -13748 18952 7765
-14875 -119 456 4003
-20957 -8722 16569 12589
-1974 -3185 14210 12507
-1544 -6140 13579 3805
-2584 -10618 13581 5150
-5950 -1262 753 2970
-9147 -17608 5663 5793
-19129 -979 33563 4855
-21675 -6184 3220 4925
-4006 -21162 12438 8357
-5260 -10562 15643 14960
-23216 -9346 7785 5376
-7148 -11403 14622 189
-26152 -2965 1378 142
-10188 -8712 6724 4410
-3130 -427 4985 798
-25028 -11238 8962 170
-29149 -1081 11626 1114
-4868 -969 1982 2593
-28304 -11104 19907 7159
-22425 -10059 1136 1534
-1388 -2029 335 152
-38826 -42188 2735 127
-220 -4626 2276 17860
-2971 -9991 2324 1178
-10026 -13481 28643 15385
-6552 -2919 7764 284
-15440 -29075 31620 26177
-1185 -12160 1269 3676
-2705 -2787 13347 4530
-6141 -19855 11791 1632
-10347 -18728 14987 31821
-1216 -7980 2814 1180
-2094 -2356 13988 16158
-2419 -5596 12601 8273
-22387 -8191 3530 3079
-42982 -6940 9688 7405
-30405 -5833 13709 11325
-17714 -11391 13588 2105
-11449 -9295 9937 5190
-1400 -9328 14869 11296
-7344 -2957 1089 16608
-12367 -7536 2139 2025
-10644 -5750 6558 924
-29190 -286 8987 5121
-23539 -811 6445 3054
-13531 -8312 1217 9870
-35974 -6687 7473 15661
-23828 -1107 3519 14401
-4084 -17023 10230 10980
-6137 -4448 13880 6202
-5241 -94 1158 10194
-26257 -9456 2169 769
-14890 -3140 7791 383
-14898 -408 4945 52454
-904 -708 2288 3371
-12585 -2385 11247 13395
-13070 -27877 17941 19681
-3693 -12171 1832 6426
-16202 -441 525 7612
-7171 -6432 6279 2136
-1882 -2970 580 17851
-17117 -4514 3859 7702
-14741 -12470 4094 2761
-12647 -15881 1589 13784
-23988 -2862 3041 4838
-13579 -12385 7930 5699
-840 -4803 2612 1374
-9405 -474 2755 5401
-36622 -11340 21106 20017
-4182 -44829 10597 21634
-1068 -5151 12100 3663
-16499 -31480 1610 35303
-2154 -13639 15569 3633
-35517 -714 14020 13808
-14200 -3813 2236 15416
-16123 -13465 9914 6411
-14585 -16582 2247 7654
-16837 -2123 10948 2164
-4482 -6041 914 3809
-578 -3820 13891 2156
-18570 -139 267 6446
-6940 -4283 2888 1481
-10840 -624 7894 16773
-3957 -20585 5712 12732
-2309 -2453 2143 1749
-3437 -24212 16414 4707
-5652 -4560 8968 1892
-3749 -19875 22524 38354
-1381 -37301 2059 24026
-25760 -408 3205 5366
-197 -5205 26499 6190
-12684 -2666 27354 4083
-12495 -2410 9171 4384
-11642 -5809 15981 3437
-26530 -12346 12900 341
-887 -9243 8465 9893
-13737 -16139 3989 2719
-4489 -6220 5203 4903
-25402 -21150 26694 19012
-3421 -7912 13822 7638
-6379 -207 15982 8585
-2204 -34930 4108 13163
-9411 -13019 11394 5654
-5483 -29543 6537 1269
-2691 -9660 2404 300
-5841 -7438 1112 8161
-1236 -12948 36133 8319
-7463 -16315 6698 2645
-3679 -123 12973 10134
-278 -3129 13322 1694
-7818 -3490 6118 2245
-664 -21986 37402 4095
-8661 -2094 703 58855
-436 -3818 12328 15508
-7488 -1804 18557 21439
-2021 -58837 17928 15271
-9224 -9005 5435 14114
-7035 -2407 67114 15657
-8049 -13469 14598 4839
-2172 -7758 21635 726
-20922 -3717 14207 1956
-365 -9583 17058 32077
-1778 -16876 4474 56459
-3818 -2467 3462 16668
-15700 -23198 1413 7023
-398 -13139 7943 5428
-17766 -6718 5761 1801
-11772 -15416 17090 17229
-23508 -29018 12861 1021
-2184 -1422 18326 27155
-42577 -1426 1590 2127
-717 -11725 1687 5322
-19469 -9156 8588 20150
-8744 -3739 4430 11222
-21544 -1545 11819 756
-29980 -1516 277 19450
-1002 -24986 16348 4522
-6281 -107 62725 13726
-13545 -5668 487 3055
-4626 -2444 2651 22992
-8272 -2478 1531 7394
-6726 -483 11659 1696
-6814 -33748 6718 12706
-12566 -4196 31309 33310
-6688 -2203 8502 20015
-13503 -12847 26556 4359
-6443 -12692 5966 6038
-12574 -2804 18147 645
-3472 -888 594 5841
-7130 -9149 8312 3100
-8906 -14287 20580 490
-4677 -8062 4934 39050
-49887 -15689 4669 44823
-5788 -1288 2536 4409
-1369 -807 3228 16735
-8860 -14317 3828 18917
-13942 -5581 3936 15031
-25217 -15462 19612 8484
-26373 -5322 18203 10786
-22040 -21710 1375 51371
-2647 -25002 22525 28623
-3547 -11374 2496 7729
-486 -16368 11153 11297
-1548 -10187 16035 13831
-1170 -9381 987 9321
-3813 -3370 1970 15496
-8139 -1790 18701 4401
-3716 -2781 3499 22370
-2774 -9354 850 211
-42442 -3997 1301 4619
-7060 -12333 10464 2314
-404 -6981 7405 6131
-23328 -14240 27186 5042
-3363 -681 17824 35272
-12254 -16787 7045 1255
-74198 -4269 5299 203
-5206 -3016 4353 17095
-10148 -4503 9769 1874
-15946 -19332 32566 9977
-4621 -4174 5151 7260
-3184 -348 2323 16057
-9054 -7616 6149 2031
-13596 -1214 29619 15255
-6210 -1271 22320 240
-5759 -814 7862 6659
-3614 -18057 1620 6598
-4216 -3265 13529 33727
-48754 -13726 5141 7076
-9535 -7944 4289 3465
-92490 -6545 3081 8572
-20554 -610 39797 8276
-8863 -18819 10081 30771
-2396 -4331 19901 9133
-8310 -8347 4707 5764
-3663 -21013 2444 22075
-23204 -3705 14554 7602
-4016 -362 7501 13404
-6376 -5372 2117 10960
-5057 -256 8422 1284
-11753 -152 8755 1679
-5002 -1225 3430 18231
-45939 -6238 2680 27044
-205 -885 5071 2266
-6217 -2556 20094 39666
-27859 -18547 15352 746
-7816 -1705 3073 3392
-1266 -2734 2526 7919
-15183 -905 11624 829
-2052 -3253 4841 1709
-11297 -5925 15178 25049
-3854 -5182 4407 15150
-14589 -2813 10360 4866
-5018 -29297 7879 10659
-7003 -20870 410 16158
-8570 -5324 18484 36008
-21313 -26673 1641 1648
-3190 -61914 20142 10153
-7367 -11936 20935 5123
-949 -29935 7122 3842
-19060 -6181 3504 5923
-16348 -49596 4829 14502
-8898 -8531 30488 22802
-494 -555 16983 11070
-15333 -13139 3152 3612
-23321 -2600 12741 554
-1934 -7076 10790 20680
-8004 -6983 4127 4971
-6327 -5518 5446 2281
-31678 -4494 9491 27430
-6975 -2155 45358 8683
-1538 -13558 1304 1047
-3442 -4916 4362 1451
-851 -845 446 9541
-4293 -3864 1180 18658
-15404 -5910 6357 6426
-6930 -7535 3358 3660
-11101 -30908 22969 6935
-3452 -5200 16238 3442
-10581 -1401 12842 15267
-26831 -11047 9970 11297
-8846 -7474 12411 4436
-12380 -531 27810 393
-26160 -6921 7083 11344
-1376 -7524 3481 2774
-24611 -24876 8237 8516
-7927 -17749 8605 18151
-3187 -3727 13797 1015
-7169 -36408 2014 6274
-5706 -4395 3028 26788
-11297 -17165 5682 1567
-4905 -6990 326 2088
-2715 -8042 8031 3784
-3893 -5932 8895 31397
-7747 -5337 30763 491
-6968 -17131 5293 19093
-30191 -2500 3473 5234
-3426 -9614 5678 32065
-3666 -6473 2058 828
-1571 -120 8239 12077
-5734 -1129 36489 6816
-17331 -14625 2520 4081
-5346 -7240 16485 2134
-17025 -17638 784 60529
-23795 -4163 4399 4206
-6213 -9373 10756 10522
-292 -14561 7889 6039
-23413 -5222 4993 1087
-21104 -16812 29578 7322
-8731 -6563 1384 1219
-6782 -13374 11928 4822
-1235 -3673 3980 2986
-9991 -3656 3551 9815
-574 -20470 2553 3095
-1003 -22814 27146 13262
-13664 -8442 6687 14938
-460 -10694 16349 12985
-613 -12069 22120 1671
-5503 -3208 10246 10235
-6024 -13942 3534 983
-505 -2456 4834 9530
-9074 -24944 4106 17728
-283 -4109 9310 10887
-3167 -800 12096 3455
-616 -10731 7409 8287
-2334 -760 3859 13416
-10171 -745 2290 25914
-8370 -10183 28005 5163
-13488 -6383 3155 12826
-33388 -1831 8918 22040
-9038 -3107 14879 26032
-22557 -379 1537 4689
-10704 -428 3244 13689
-8793 -2648 19137 11067
-14844 -9463 13333 14683
-1981 -1103 10405 7759
-3892 -13042 35249 3910
-5314 -3672 11791 3449
-759 -18293 23357 12832
-23307 -5019 437 3691
-717 -3961 7488 11049
-5870 -9169 835 11962
-9529 -44844 10310 727
-2038 -787 14617 12569
-15728 -7352 17244 1713
-7618 -872 7975 6924
-7128 -4083 1339 2719
-5718 -8363 680 6911
-14053 -10597 3398 16036
-870 -1153 12706 3052
-3577 -763 15396 5771
-7816 -36524 20813 892
-252 -10247 51284 15570
-7048 -268 7270 25122
-35646 -17775 30640 45921
-10400 -1525 8078 4477
-13354 -2753 1352 408
-20343 -5626 2117 18773
-6962 -12802 30886 12176
-8159 -7191 4685 931
-10434 -7714 10221 1435
-3735 -8169 577 1904
-266 -44171 18741 11771
-193 -14932 1632 1677
-1145 -30267 998 30700
-5582 -14567 4776 14870
-2352 -9951 3084 3868
-16524 -9065 5877 7584
-2095 -21668 1666 10380
-36120 -38467 6932 29044
-11120 -2845 24527 6570
-30761 -8023 23582 12863
-5127 -41431 644 5621
-9287 -128 10580 10596
-224 -32837 9369 2430
-3738 -1138 22768 25
-16672 -313 3720 2227
-4656 -8714 1406 931
-11444 -9180 2400 6058
-344 -8976 2830 2387
-448 -3390 2790 2199
-14257 -2518 3485 18396
-969 -2448 52458 11825
-4442 -18197 37018 49987
-1145 -9143 2257 5761
-14711 -9330 16175 614
-7116 -3167 10764 4213
-553 -8356 2137 2155
-9844 -3406 32835 3563
-5687 -948 5230 12234
-359 -6651 6320 2621
-11342 -28291 26483 19304
-25015 -3048 1748 12300
-6291 -5346 19152 156
-4730 -36350 10680 8859
-2568 -3537 6590 14854
-1921 -2919 4838 7205
-4505 -6075 2008 6546
-1194 -2006 2535 3750
-17641 -1583 13694 9323
-16098 -10102 1625 25722
-1505 -18041 458 7952
-4358 -22101 7543 5306
-9553 -25785 827 16087
-4419 -4313 1300 3463
-932 -3190 15415 680
-10426 -10389 5958 12486
-24449 -1152 5249 2494
-6319 -5648 10599 9639
-4712 -1621 24440 3641
-14728 -14549 1079 18627
-24824 -414 6745 2285
-16429 -2476 14119 10345
-7903 -11406 20339 29419
-161 -33592 319 8849
-11795 -7400 1280 3745
-422 -3707 22175 3505
-5275 -4811 4473 1867
-23093 -7265 7357 23224
-18607 -20063 13526 16267
-1861 -24543 23690 5403
-17086 -1251 14183 11337
-10479 -11302 1629 5442
-6565 -5276 5922 2035
-5827 -3568 15682 15130
-3342 -2631 23364 28994
-24643 -4926 24065 1861
-5899 -9019 261 1060
-2993 -7606 35848 14876
-9048 -61754 8419 3480
-1685 -21788 3321 364
-10252 -7623 3296 32077
-8364 -11450 5493 13239
-6572 -14182 11699 19513
-9550 -12499 21977 1670
-2287 -17239 13684 17583
-13341 -8500 10537 9870
-21709 -28495 422 7887
-964 -1437 8050 10231
-9149 -24740 14379 26588
-4001 -6208 8786 10475
-18092 -1878 5856 15291
-16034 -20140 41804 23497
-493 -10170 7256 9776
-17093 -19028 7555 538
-21238 -3446 15121 2496
-10433 -5490 16398 25464
-19055 -1433 14691 420
-6782 -12027 3341 9589
-14826 -3310 3371 4754
-1743 -2380 19643 1889
-3891 -19978 22687 13995
-12034 -6689 2604 6255
-11788 -2431 9082 9528
-5023 -21175 8506 1705
-7908 -14042 25572 2454
-16049 -357 4672 18956
-2121 -12605 5349 790
-17155 -6970 13207 4545
-8432 -4819 4734 15325
-4733 -22394 12323 19053
-280 -19391 10811 5656
-6823 -1732 5708 15540
-18660 -37700 21669 22945
-16416 -8789 10884 801
-6188 -13289 2016 708
-15749 -7669 1476 7353
-9600 -32147 37338 5119
-771 -3701 3948 1661
-15592 -6563 5843 5570
-1209 -9317 7662 6334
-2209 -24173 2266 10339
-31733 -39435 17164 1032
-620 -36093 2942 12711
-16600 -58156 7853 6008
-674 -5693 3708 6274
-5371 -2511 276 27094
-12399 -14524 1752 2464
-2198 -4549 28115 6308
-2611 -3929 4596 12602
-4843 -8032 15934 12107
-3619 -5569 7324 24117
-11627 -39403 16961 343
-31381 -3429 30018 18951
-1633 -7622 1172 3234
-1847 -5273 29325 19648
-7372 -116 6323 16750
-12558 -8334 9475 1763
-8773 -11444 21433 21949
-2936 -10837 2766 8472
-16399 -46701 6547 3320
-4035 -5181 3026 42073
-3808 -4210 10961 16731
-9729 -917 36437 186
-280 -10157 39270 11753
-34558 -3409 40063 7358
-13419 -5706 717 5661
-7020 -14655 8239 14790
-23953 -3964 15286 23856
-3811 -11479 8977 7892
-11138 -9568 48987 10932
-11655 -4184 8000 34993
-429 -11572 13338 12788
-9801 -2202 32008 5321
-3755 -5654 18772 3111
-22585 -7144 879 3100
-597 -67 2079 10398
-5536 -1928 47158 5537
-13743 -409 802 8723
-2857 -362 5762 741
-1751 -20461 9819 3420
-8400 -3087 1402 5237
-7774 -3216 507 1689
-2536 -8418 13451 22177
-10233 -2965 4328 11394
-3245 -32433 8544 11883
-15700 -1150 2233 6938
-4629 -9979 5571 17253
-3192 -16663 2919 7307
-6462 -1368 9535 1958
-1517 -27598 25668 37842
-41092 -423 38952 173
-3454 -442 4340 21016
-3169 -2252 16542 18870
-8057 -3206 5590 25613
-40270 -13663 10049 32612
-4944 -12438 1728 4296
-1117 -17159 3693 73
-5260 -30299 5425 55347
-12015 -7202 368 28866
-2449 -14139 1750 997
-3169 -4979 3187 7459
-7381 -10259 9745 1665
-161 -14385 9856 7617
-3857 -10686 15930 7611
-3526 -44364 17171 22901
-28965 -4956 25246 7521
-10671 -13482 4531 16721
-2695 -3791 4147 3738
-5277 -1698 1125 21092
-14804 -21226 9466 5387
-16448 -14591 13090 10528
-3605 -51516 8120 1624
-3256 -8994 20713 2542
-9006 -1706 3348 3840
-2051 -885 38910 15767
-2138 -66493 1584 9482
-8278 -1513 8677 8828
-8477 -11042 14845 6854
-4267 -1442 3125 4808
-1537 -1632 7002 9997
-9279 -10972 22021 3599
-4425 -6341 3558 2288
-9008 -5815 19278 3871
-2642 -25595 29385 52787
-8831 -8044 4836 5038
-971 -993 13679 4802
-22086 -8198 41652 15460
-9004 -17402 18588 1121
-10169 -5055 11417 10599
-10890 -4444 7467 3572
-3446 -7187 17491 4442
-20295 -7431 4751 754
-18990 -17806 11950 1357
-44164 -11923 17010 64
-1443 -6972 11804 2110
-22733 -6187 57133 819
-6198 -18770 6574 7579
-2758 -5967 1661 13714
-18668 -1072 14790 389
-429 -5059 25376 8569
-7463 -719 905 2822
-26675 -11036 3804 9211
-980 -2442 3162 6044
-4530 -3655 14805 8339
-14076 -716 17519 16983
-10893 -187 7172 17099
-5162 -38520 27246 1136
-6719 -1435 1266 11174
-8189 -7498 17975 23262
-11712 -532 31813 7235
-10118 -18485 693 4018
-722 -88 42028 32609
-22015 -14518 4528 9635
-7140 -5324 17261 3765
-2252 -5096 3915 9262
-1080 -8179 38338 8278
-7166 -1026 26849 3951
-7760 -3864 11731 4306
-3024 -4184 28609 12463
-16731 -1885 4964 5584
-4768 -6787 1607 4860
-24009 -12876 6879 22115
-11796 -15411 7804 3208
-15883 -2053 25118 52087
-14526 -8370 6993 7907
-6238 -4869 2705 74298
-315 -1392 13934 4497
-1570 -598 4412 5100
-11681 -14815 1360 1642
-24065 -22314 2066 8689
-1171 -1849 21262 1954
-32153 -5932 9929 23791
-13852 -1147 5563 10625
-13057 -18752 9978 11259
-5247 -7549 1076 8222
-27551 -16729 8917 4465
-2869 -28838 25645 19608
-1231 -2431 2589 8172
-9423 -1289 3745 6331
-6306 -41533 16500 754
-2747 -65 20119 3756
-12580 -703 957 3462
-5392 -8519 1681 288
-7339 -30917 7769 6369
-28740 -563 13744 5025
-23113 -2607 17709 25271
-7412 -1810 14937 7298
-10057 -17102 16574 3812
-6584 -9718 8341 14338
-24295 -6108 14499 4248
-4611 -84 6124 5245
-21376 -26151 7424 5798
-6298 -15978 2242 699
-7627 -9114 1021 11384
-6542 -2467 5779 7303
-16900 -6826 2951 2983
-33501 -8284 6854 8370
-54684 -7327 25187 24466
-7873 -2017 33763 16566
-9500 -98 22065 21868
-1278 -7418 17649 5906
-9281 -3123 1804 1220
-9346 -9272 11108 15494
-25031 -9396 18103 3136
-7768 -37147 11514 5421
-9408 -3469 5812 38173
-8062 -8765 14572 159
-14228 -4519 31307 2794
-504 -2905 13999 6400
-513 -14948 26927 364
-6969 -13921 19403 9887
-4270 -9778 2635 12592
-994 -1818 768 6350
-348 -18406 5848 29359
-11608 -25224 1818 22630
-6003 -13316 17428 28347
-5193 -2251 439 10112
-1467 -2208 14576 7097
-606 -7068 14825 31853
-4029 -8290 1753 17020
-6675 -5238 8798 1300
-850 -28873 13301 10202
-8401 -7170 2058 12996
-268 -12199 8748 788
-1179 -12081 13107 22924
-3477 -3871 11186 8785
-7823 -8930 4862 9160
-7001 -872 9193 2472
-3012 -8545 525 1511
-4246 -14437 16138 3905
-605 -7471 5952 6795
-5681 -7015 3349 4235
-3869 -1687 6156 3678
-4486 -15410 21405 6969
-13905 -6375 18979 35
-13249 -6440 888 12262
-4743 -43449 2636 1299
-7154 -5680 22748 351
-4717 -1542 342 8498
-9997 -6063 27462 1577
-2882 -184 18605 3993
-11485 -11801 13883 5869
-2543 -1089 5944 6169
-26709 -19598 4788 8780
-9439 -425 23544 20069
-1422 -1695 52633 29299
-5299 -55297 2205 10241
-7390 -12114 29662 22904
-22814 -7290 4962 6189
-4090 -7064 27611 10004
-166 -3593 5344 981
-5161 -8927 7661 3743
-20365 -1747 3576 16195
-15995 -12607 14735 127
-2127 -36796 3247 11479
-20808 -1017 13269 316
-259 -9887 13839 28141
-257 -6432 1934 11562
-1613 -14120 8530 8395
-22189 -2858 18776 16880
-5741 -26906 6612 10712
-22572 -4937 3257 18965
-2043 -1207 4431 25984
-3426 -19802 14687 16274
-479 -2351 2496 4548
-1319 -22756 36604 9023
-4255 -15887 18644 18237
-5121 -5624 8489 14086
-17005 -897 29897 3190
-23151 -1282 4083 8634
-9191 -15609 21953 4103
-16806 -10874 8768 4933
-1597 -10869 2920 11529
-25187 -8208 5008 15210
-25370 -2946 2189 2493
-28823 -7504 15411 28149
-15062 -714 805 3743
-20757 -12402 42608 14050
-36876 -49221 6874 8560
-7434 -6738 3576 2706
-3320 -7897 27091 6287
-5160 -2537 5152 11615
-4793 -55297 11622 12423
-4670 -471 12031 6569
-5133 -2206 21696 30664
-27324 -11173 1057 318
-384 -3272 8919 8305
-27072 -3262 10984 444
-3642 -2064 9846 23323
-10357 -5531 5742 5355
-10531 -3375 10821 206
-9540 -5044 7882 7332
-36231 -32481 16738 9911
-4556 -1573 1699 10172
-11398 -20667 3275 20734
-15900 -11623 24532 962
-40180 -19565 767 22759
-3399 -1579 43265 5842
-340 -20731 13710 27259
-5223 -2323 1718 311
-11396 -4588 12038 6145
-17576 -1223 4893 9721
-8681 -30649 9890 7655
-11585 -945 48560 10260
-4357 -10380 5141 1810
-360 -10531 36238 357
-6845 -21393 38119 21984
-753 -13014 361 121
-6490 -13828 1007 8689
-8258 -8715 4795 516
-14283 -17639 5706 9094
-712 -19436 4049 4561
-10697 -8035 23151 6045
-11567 -61824 10220 2228
-7375 -3053 6924 13156
-10668 -3665 33376 38866
-28399 -10051 226 19340
-1931 -2555 10546 88
-13588 -15048 18092 25926
-14546 -3862 645 15866
-1365 -2464 9918 12159
-19463 -12118 1894 49
-5144 -13827 1246 11623
-485 -1716 26702 33000
-436 -3109 36352 17686
-11079 -132 31916 3133
-291 -15093 13863 16656
-5660 -7658 10290 10418
-2500 -35279 21158 3235
-33585 -185 4219 7417
-7864 -19797 443 4571
-9893 -7865 14222 2284
-1455 -2846 15031 2314
-1863 -369 18456 8371
-18070 -26408 9808 6888
-13129 -3932 834 13540
-7960 -7051 27182 6763
-41728 -2887 11463 23304
-4699 -17107 4155 18179
-3047 -5420 1233 24770
-10777 -5695 21412 6379
-2278 -2155 20942 11817
-57634 -23323 9404 30565
-9774 -1005 13350 7344
-6634 -10968 1200 20006
-12869 -1286 3803 1453
-16473 -12278 2884 704
-361 -4297 5532 7297
-5616 -35522 11067 169
-9582 -14082 7290 1827
-6145 -12417 3304 6379
-3343 -4496 19198 4233
-20129 -29021 4959 4416
-2079 -9078 462 1581
-8844 -973 6228 3137
-5614 -3845 1449 3978
-11267 -2271 2730 5059
-9030 -34506 8986 6438
-23831 -574 5953 3388
-4342 -22115 9374 2028
-3366 -7958 1843 2027
-19655 -19941 12074 15533
-12258 -410 694 2011
-25271 -4683 3598 9185
-12927 -2966 16366 17824
-6731 -3777 10191 580
-13521 -4378 472 11766
-4764 -11876 4400 8888
-27937 -12050 10925 936
-7519 -10503 23033 13528
-10798 -3399 10110 3291
-11260 -198 5546 4691
-2246 -892 1528 4935
-8525 -20933 1966 6724
-11107 -7277 17782 42562
-870 -10114 3279 2030
-15744 -1378 1908 583
-3545 -559 207 3312
-8249 -7664 20691 13056
-7991 -1241 25912 21429
-9409 -5175 2539 2045
-16425 -1009 1611 11660
-3347 -614 29416 7128
-17858 -34131 19371 17381
-6298 -8713 1954 19051
-906 -15855 5472 8729
-882 -3941 4199 6606
-3144 -1309 5488 5402
-9300 -14182 3628 16764
-6830 -6755 8294 6941
-31204 -17156 6064 7322
-5300 -9353 5378 6999
-3266 -6851 47401 21365
-16826 -697 2578 7262
-24225 -4392 4581 32742
-11847 -1614 1655 5648
-575 -5290 2740 6373
-15693 -22589 1901 2521
-33224 -599 4924 7958
-4002 -8824 3281 338
-11338 -6362 2055 11840
-7005 -57 11455 2699
-317 -3251 2999 8706
-652 -2935 4981 11937
-10034 -165 7577 11803
-5757 -148 12195 7503
-2229 -3887 6054 722
-1766 -7624 6786 15371
-2124 -6588 35226 342
-264 -1661 1560 15382
-4900 -9727 3683 18856
-3007 -19278 6823 9251
-8420 -37370 6460 2336
-9653 -2754 24483 9342
-34131 -13293 6072 926
-1341 -5253 22478 2184
-5531 -8750 2333 546
-1150 -13422 3369 526
-53619 -8345 7132 4387
-245 -252 12113 17254
-4202 -4995 7863 8277
-14543 -32001 19098 5254
-16202 -41663 22553 13195
-7481 -16745 15065 15258
-13403 -15448 3203 283
-3587 -17243 541 7464
-13861 -2610 12014 24399
-7728 -12833 13077 2758
-3655 -4112 6248 423
-9140 -10141 1099 6878
-5462 -10453 3068 12555
-26251 -4944 6950 29400
-3735 -4645 9400 259
-52362 -6335 7866 4996
-8495 -4500 12048 6629
-17451 -17179 4443 8650
-8696 -43339 7047 17707
-13255 -2857 25604 1688
-10300 -242 863 692
-6731 -4328 13649 7147
-7784 -38792 18070 2714
-21398 -45418 5347 7067
-8257 -2422 6828 20827
-21270 -4693 12762 20376
-6964 -39968 993 11674
-17462 -20481 5766 19477
-13045 -8941 13285 23023
-1405 -1506 1756 7998
-4875 -1784 19759 549
-17790 -4362 18563 4967
-1906 -10757 1109 6091
-5298 -9444 12265 6826
-10072 -1647 992 10593
-4033 -10174 2200 550
-14566 -3829 5948 7063
-3498 -41350 1350 4811
-1374 -5417 6214 10855
-1129 -4909 6505 587
-11829 -30924 842 37803
-3619 -34122 6331 3315
-3500 -6571 7095 24116
-283 -5898 7850 4600
-10645 -1928 2520 1872
-15325 -35931 4959 9139
-11580 -2783 1207 3123
-17359 -24304 3168 10877
-3192 -6014 68301 4514
-7984 -20967 4080 86
-17165 -13247 25679 66
-2184 -696 2035 13970
-33203 -15887 4415 3795
-994 -458 8821 2491
-25332 -190 1080 3690
-14661 -3014 6593 2583
-6897 -1878 16997 11492
-8274 -322 403 7793
-2319 -2282 3076 79
-6221 -6191 7304 4513
-202 -3215 29889 4619
-18100 -448 45450 9508
-23380 -5016 10987 7121
-16026 -9575 38749 3817
-4969 -3582 7215 6849
-4797 -13671 13403 18939
-11859 -3821 6126 8907
-2115 -33342 1216 18731
-19044 -45891 16020 753
-3130 -2299 12730 9213
-7517 -2639 3360 2701
-13471 -5089 13846 12392
-14585 -28025 707 2629
-11647 -1596 7277 12551
-2062 -38737 17776 8091
-9882 -19702 5227 23595
-26303 -1356 10466 8952
-6460 -4995 9878 8498
-10359 -5001 881 1201
-12066 -10463 9117 13013
-13439 -13811 20155 1980
-6958 -23556 4396 19024
-20176 -3942 330 1231
-2190 -46357 6568 1621
-50049 -11561 3316 2181
-12043 -7820 5023 7323
-4044 -1344 16939 6434
-22754 -18629 20532 610
-3081 -5488 21132 4960
-12646 -41420 7499 14009
-10294 -8918 776 20385
-10762 -10963 19112 1805
-2233 -664 14580 9341
-3691 -14837 14260 13779
-3202 -20092 21169 1791
-14435 -2030 389 13825
-21808 -2772 10087 2107
-3437 -18229 26340 3537
-7627 -15106 8358 13290
-302 -4889 1039 18001
-5877 -13479 8471 6421
-890 -1273 24093 5226
-12541 -12567 17337 7360
-11238 -889 4935 6278
-632 -35681 9084 6663
-6915 -7103 2439 13591
-9543 -609 15626 113
-13782 -1915 5780 2174
-12709 -2220 10623 20293
-7404 -2766 8946 727
-18070 -3990 9568 25037
-6127 -5326 18696 6560
-25828 -2284 6150 15345
-10456 -5501 8301 1859
-14854 -54108 1782 2403
-2907 -22745 7819 19750
-17263 -12547 15289 909
-2526 -10893 21989 18464
-2966 -6552 14611 44084
-3261 -31739 17030 13851
-12876 -2877 4101 21822
-723 -11380 1058 13951
-14048 -9493 9441 265
-3760 -27893 34622 31194
-19528 -34411 2061 1544
-1515 -24792 17364 18488
-14565 -9398 10358 17597
-5680 -9375 4586 18566
-5142 -1038 564 6010
-14895 -20412 6369 2219
-26436 -4489 4462 15108
-4509 -7098 28539 9948
-6486 -1904 632 5355
-3045 -15605 4382 19484
-15974 -7842 10392 16017
-6169 -5018 3491 4930
-5096 -2792 3006 55298
-9550 -6251 29852 41183
-468 -11612 8585 10074
-1666 -16544 1899 15471
-7580 -3227 12656 3252
-45583 -43557 7440 14808
-4672 -10070 3744 4982
-6898 -8505 5647 2253
-183 -8891 10954 2124
-14356 -2215 8170 6532
-10440 -351 7597 16697
-8020 -12730 8750 3647
-696 -2685 1333 9930
-2130 -7816 27034 89
-2377 -16734 6002 1778
-2510 -444 16198 5283
-1289 -940 2992 9725
-6452 -7864 6526 5169
-2090 -6053 7748 28661
-1238 -9222 3885 8065
-44790 -6238 3301 3981
-13194 -16869 6332 21352
-10385 -33178 433 5505
-489 -6402 13446 4754
-41758 -1044 7861 454
-9312 -5535 5401 4709
-12159 -23268 5752 5785
-6053 -7438 22602 14365
-6476 -8889 718 3203
-24816 -20118 5709 2413
-18669 -1281 16851 8103
-24304 -2983 15036 2454
-44711 -12842 2544 6263
-12943 -687 5586 31959
-16608 -26425 7079 5210
-8584 -780 444 21233
-15934 -2444 3650 1404
-39004 -3864 9910 2273
-1849 -39539 5844 4114
-5057 -17519 640 602
-790 -18668 11796 12741
-9139 -20578 2061 6313
-974 -51332 18757 21845
-12066 -8316 1850 13466
-24283 -6223 1187 6116
-1361 -5969 5836 35474
-9687 -4485 13444 2526
-3042 -2857 2685 730
-3351 -1506 10773 9189
-41848 -5979 3980 8618
-26741 -1502 8736 9744
-7062 -8867 9895 1711
-2119 -22892 9154 8459
-32834 -8536 15228 2105
-2377 -1075 15159 4641
-5860 -7184 4482 4432
-20171 -10318 21864 13025
-6425 -1915 3190 15712
-7182 -16300 3321 5443
-12229 -2529 5229 39619
-10227 -21425 13324 618
-2604 -30497 20136 8813
-11148 -8280 368 9516
-21345 -4070 476 10022
-5298 -5583 6785 924
-17123 -5356 4906 3277
-16079 -266 19124 20315
-12268 -12013 10706 11873
-5150 -18485 376 30193
-1184 -300 11294 9803
-5001 -47044 14830 463
-25285 -9376 1206 22122
-14543 -445 3949 3633
-652 -9714 2304 2077
-3734 -4564 5826 11040
-10008 -10120 18969 3662
-30411 -4134 494 18596
-1025 -1966 8307 5401
-2044 -11818 30990 12506
-23132 -9870 4355 4766
-15459 -1311 28566 22212
-3216 -5397 46998 1389
-6596 -9279 20666 9237
-43103 -4269 3782 4384
-8116 -4784 8814 1266
-31342 -61599 2626 6464
-12649 -15855 19618 4207
-12564 -11364 5501 13421
-72259 -2426 9602 4789
-5755 -3636 24191 4196
-2472 -2816 7063 2154
-17229 -22533 3761 20363
-9528 -4912 10114 298
-16236 -17446 12018 4192
-9128 -34939 3072 14960
-2676 -6595 975 9441
-7599 -12067 9182 628
-3879 -7085 24734 1451
-5981 -1330 273 3302
-10742 -4143 2411 2869
-9175 -1227 11357 25180
-9009 -5023 28200 6848
-8602 -821 1561 2069
-4168 -4683 266 1217
-4628 -5350 3670 4253
-24193 -10215 27040 8514
-842 -959 11175 587
-17238 -936 3421 10533
-23213 -4613 4480 9189
-10726 -10302 9945 6067
-6501 -234 5173 410
-31083 -12685 17681 12391
-2581 -6926 12608 4142
-13184 -8373 52493 15416
-3569 -6317 7225 6348
-15180 -11472 2183 3390
-324 -242 5740 15660
-53692 -26483 16202 2886
-7294 -25788 12021 11836
-8453 -2969 5779 14578
-2735 -13404 6085 467
-7526 -3389 4680 5313
-11933 -14614 14664 13673
-24582 -1765 1689 6916
-511 -30048 33158 9842
-10326 -3351 2402 2791
-2441 -3713 2749 3489
-5149 -293 1133 2793
-16987 -6287 356 6521
-821 -1747 10078 3963
-14463 -17397 6568 15973
-8207 -7740 14920 3006
-2759 -17206 6226 1633
-1794 -1288 11405 14770
-719 -9586 6205 7507
-4930 -1492 28255 1753
-15561 -6379 10117 6406
-12159 -27000 23496 9049
-1520 -2381 8880 10823
-7279 -11441 5306 25789
-3289 -10055 2509 19899
-45518 -12241 4185 18517
-7031 -6204 4854 43264
-4153 -10713 1105 4917
-17176 -17164 18653 13422
-14141 -3081 19719 6549
-26098 -5768 19660 23280
-2270 -3322 3161 2574
-4245 -8816 44417 18201
-7125 -8682 15649 3398
-2004 -19468 5193 27349
-8050 -1887 3351 4319
-41449 -526 15379 2996
-6666 -14793 4131 2440
-4161 -3838 11321 6561
-18522 -14255 4977 15550
-18062 -3292 18358 1716
-3286 -2300 1932 7793
-13183 -10277 30430 2810
-10968 -25311 7802 1500
-8260 -47507 6718 21
-1832 -2806 361 30792
-8773 -42557 2053 2181
-1119 -39446 667 5101
-1833 -30141 25792 2872
-15622 -643 2668 2281
-5022 -5182 23949 1307
-610 -1231 18128 3322
-4292 -6226 6649 452
-1540 -3492 4641 4495
-10031 -18913 8182 12829
-7776 -2166 1511 4073
-4593 -14976 23892 7079
-4147 -3229 12663 1564
-2080 -17099 4135 6018
-3749 -7131 20405 4109
-7332 -802 4913 6227
-1161 -43158 4672 2858
-29518 -387 5397 1923
-9318 -4504 23751 8200
-975 -4064 26073 17211
-341 -6129 316 38600
-1227 -15306 4395 16439
-8227 -7754 27796 4687
-1404 -18083 6816 3406
-10086 -22480 3351 12285
-23378 -7852 407 3046
-4140 -4844 19660 14435
-25532 -11236 2225 2544
-11278 -26158 29141 4565
-10942 -1384 13796 3192
-1087 -11486 10731 3876
-14529 -5442 1983 6932
-15708 -7047 4608 10788
-5824 -3502 8182 156
-1477 -20024 10491 12865
-27799 -2525 2821 890
-4334 -4119 8237 9781
-6925 -13083 4047 3832
-26624 -6130 2576 11182
-47538 -29751 697 2668
-17177 -7888 2335 2990
-6284 -10111 7367 7765
-2798 -5729 31438 11107
-6868 -10805 776 3663
-10543 -21429 11941 83
-1733 -2290 19349 11313
-29046 -1822 2268 3593
-26886 -2970 4722 13504
-27863 -4725 3544 4667
-22394 -4666 4791 8785
-25801 -4344 17324 12719
-10493 -6950 8204 19223
-26817 -9226 1183 9760
-3207 -10993 3569 10370
-13376 -5897 3627 22691
-8923 -6867 14087 4600
-35484 -13679 23020 3770
-3647 -10508 8032 1721
-8821 -883 20796 3753
-9286 -652 2450 365
-8668 -46240 2827 6222
-45906 -4686 4564 11024
-10042 -12621 1181 4217
-8446 -2261 11032 259
-8737 -26915 1057 10617
-9069 -16183 9477 12732
-2559 -4060 763 522
-8709 -751 891 41049
-3952 -744 2528 1795
-9028 -5203 48355 2701
-19962 -1417 4841 8999
-3274 -25821 656 1701
-4579 -316 852 3287
-1164 -10032 2304 7789
-6894 -10947 2738 2250
-1932 -2682 36325 12038
-4990 -17579 20055 4578
-2517 -1869 4588 14828
-1695 -6460 1278 10818
-2520 -5157 7017 24529
-776 -21047 5044 14830
-1589 -10345 14076 22610
-10339 -11198 5757 14948
-12335 -1688 12170 40
-34350 -6471 14854 18646
-10293 -1690 13220 9024
-17441 -15969 8960 20211
-547 -11595 28178 5145
-17881 -4488 4400 3122
-2288 -5973 11280 66
-8680 -2031 11581 65019
-2831 -21214 14155 2544
-4363 -7403 626 6421
-277 -13294 2492 4070
-25279 -247 9524 488
-1288 -4692 1133 6506
-1624 -12104 1262 9730
-9342 -1647 4082 1651
-12374 -1863 18675 9263
-11616 -3802 1841 24637
-1321 -22692 6962 48210
-10222 -1794 502 22994
-2432 -1340 2425 9651
-23101 -21277 12720 4360
-10652 -3943 17493 5319
-1105 -5766 20914 4055
-12047 -33252 8514 8573
-12067 -47116 3401 21122
-5332 -1360 9162 15543
-893 -5545 475 735
-1751 -4994 27732 21112
-5782 -1133 1949 2029
-2667 -14000 2223 2623
-16485 -30384 1663 36303
-47888 -2253 33190 10974
-3658 -8247 5197 1146
-2792 -16804 1793 8635
-8444 -41877 3293 12905
-17022 -20869 7148 5718
-3725 -15968 556 10861
-5752 -7772 17123 1396
-6418 -317 6206 35242
-6059 -7783 1806 14095
-4619 -21053 1057 117
-238 -7045 23114 1267
-12841 -10240 7899 16749
-6372 -55 17310 24223
-23099 -5832 896 587
-1834 -10226 911 4488
-9835 -1012 17545 34702
-19211 -13243 17950 3637
-17304 -17853 3738 3640
-263 -9835 7621 4687
-16418 -25642 19046 27181
-16454 -4594 6395 14317
-20902 -21565 10574 9728
-22627 -5005 6625 2614
-3353 -4718 8630 13299
-17438 -15937 12101 4833
-20212 -3066 4387 9750
-33258 -6913 10143 15796
-6608 -736 8559 37559
-2544 -10638 1180 761
-6801 -19543 12976 29655
-9320 -8543 11304 11889
-2490 -2493 3794 8700
-18467 -1471 5623 11588
-9531 -26849 2050 4955
-7737 -14959 22907 5712
-5186 -17342 13193 18764
-14102 -8557 8149 11997
-3412 -5743 17942 3886
-24696 -20949 12204 1014
-20370 -8044 3523 33404
-2049 -41912 3333 17475
-28391 -9362 34802 6771
-12031 -365 6180 4194
-13707 -7402 32483 1185
-6312 -3972 4247 22509
-20627 -1888 26465 12533
-5476 -11933 5514 16282
-33712 -1865 31522 4433
-6124 -9527 9713 977
-2561 -4155 28113 25397
-1816 -960 10336 160
-29389 -15231 14411 908
-15350 -29596 5832 970
-3037 -6619 40802 6741
-18505 -11510 820 7751
-8325 -3324 9013 6229
-2303 -27317 45610 887
-4299 -150 12402 793
-25908 -1490 33160 3222
-2080 -6484 4232 9487
-16640 -1688 1243 23104
-8712 -4025 26138 6140
-945 -23456 7504 14412
-1105 -505 16226 12428
-3993 -3484 3160 21458
-48527 -3158 4355 261
-3292 -23243 10093 3899
-16072 -9383 30887 24087
-1303 -9171 14926 4473
-17037 -16579 479 741
-6361 -1386 6594 12384
-14996 -22826 24890 6903
-3655 -5945 13070 16744
-4796 -8771 38612 3317
-3439 -3926 14447 28543
-3097 -1774 5031 11856
-5593 -11261 6082 4561
-5663 -1699 457 10660
-4114 -33569 6354 12517
-9387 -26776 4512 7010
-8370 -23474 3683 1919
-3745 -22223 7291 130
-15526 -6034 20418 25491
-5566 -4754 234 23083
-1442 -16565 504 12552
-24795 -6075 13954 3917
-19535 -16511 11117 20343
-7668 -2587 32391 8885
-34372 -777 10965 8289
-2867 -2474 2384 4278
-2347 -1069 4961 26598
-1330 -1897 2728 82
-32090 -13406 9306 1589
-27945 -20372 2532 10080
-11623 -27772 9670 3116
-6004 -47710 9852 923
-2754 -18944 791 4638
-17798 -15448 5874 4821
-8862 -21910 36035 19405
-20546 -6281 13950 11404
-30000 -15061 15393 14055
-32361 -7936 16373 12950
-3798 -21096 3030 31491
-6330 -27918 29124 13500
-19583 -37933 1056 1715
-7907 -13356 6787 11987
-13041 -13974 15897 962
-9596 -12158 9490 14601
-2688 -1538 2355 16914
-8770 -1557 21443 6065
-10336 -4006 19500 2574
-12194 -14747 328 23739
-6667 -28591 5513 8288
-5881 -17696 480 5957
-12185 -2050 3075 8135
-3900 -12156 1504 3743
-17983 -6700 7764 3805
-467 -44961 10284 3248
-9944 -4237 29358 24089
-6783 -4831 20441 1596
-1454 -9235 2554 898
-15014 -11214 21687 685
-8551 -456 3943 9385
-12701 -2954 6744 17421
-2905 -7568 2826 15110
-24793 -4074 3799 2118
-12043 -668 29900 12578
-33574 -67 4832 4734
-17912 -26466 32892 7827
-199 -10104 549 3352
-14846 -15126 6257 10749
-16037 -3783 6347 36107
-8672 -10091 9182 10612
-4219 -255 1131 13217
-29572 -11140 5397 1017
-2614 -8017 4429 1034
-7931 -4354 18137 1670
-1060 -7650 30710 32489
-13287 -32031 9485 11101
-13525 -1524 9158 6498
-11853 -11487 567 43766
-11883 -3476 4859 15211
-464 -8391 4241 1242
-4070 -8516 1598 3201
-9780 -5106 10166 9731
-24818 -13980 1236 33306
-1709 -20754 5991 12621
-7108 -1946 40288 291
-6591 -12276 17599 9098
-7913 -2471 887 1564
-15297 -8787 266 7351
-1572 -934 8131 13706
-11240 -6941 4080 106
-1335 -32892 4441 6369
-6359 -4378 19765 32066
-12446 -6123 17137 15534
-1384 -23439 29413 26319
-6189 -11642 4952 14124
-15635 -647 3055 9733
-4325 -578 7671 21109
-4124 -3097 7880 525
-13911 -2484 6300 49818
-3331 -4793 7992 20888
-2136 -3766 2726 463
-2864 -2455 1812 8884
-319 -8387 18861 40038
-3280 -11804 10450 3422
-7339 -5998 19863 1022
-15951 -30740 5110 7887
-2439 -24323 12536 15195
-1510 -8606 21128 36558
-3765 -10650 9072 1866
-14217 -2988 45040 28163
-42561 -8672 6247 16117
-18567 -628 2910 40606
-5442 -2764 1614 23
-1888 -16460 7359 25573
-24645 -6912 6967 13072
-16910 -4637 10158 11799
-11394 -4472 2256 4706
-5993 -613 4153 19493
-10142 -1566 1064 12430
-7779 -789 275 664
-19437 -11049 9458 22037
-20655 -19872 20099 13623
-8355 -13066 37356 10309
-10968 -3664 322 4000
-461 -6586 22529 5907
-8044 -5523 52352 3472
-1077 -21980 5747 6744
-3745 -2138 11169 3948
-21271 -9594 4252 31321
-16213 -4378 8834 40512
-10627 -6905 7512 1887
-4874 -2863 12384 2093
-12680 -2399 16182 3016
-4572 -5538 10975 2659
-6037 -12716 4921 2527
-3332 -5187 7626 3864
-4169 -16699 13466 22033
-11481 -3877 4271 7033
-5610 -802 955 8913
-9754 -616 2972 6483
-16527 -8450 18206 2955
-10027 -4389 15230 2363
-32746 -686 8229 7656
-9933 -3291 7149 19250
-1447 -8139 5459 1709
-32583 -8747 18276 2594
-179 -8284 16845 4975
-364 -2073 3076 443
-18341 -5867 1032 3339
-8282 -5971 17120 8867
-888 -8466 903 872
-10170 -31208 2474 6509
-17952 -18877 3620 15819
-9350 -2976 6237 18222
-2227 -9430 2953 2270
-7405 -6218 1260 7274
-6194 -13156 1782 793
-6846 -1997 1293 2603
-2074 -627 18373 7609
-4408 -7361 32820 19234
-3826 -21284 3278 7547
-3441 -38289 41829 7648
-5182 -13393 1588 35553
-5307 -2809 9869 7055
-20949 -2803 28750 6744
-13557 -7904 22057 51435
-1686 -417 13024 10677
-2117 -18511 8476 9885
-1361 -509 5361 2527
-10174 -24086 17712 4378
-12029 -2297 2143 15297
-8614 -169 2938 7410
-30476 -9945 28677 661
-39787 -25257 3679 27574
-10777 -5391 18032 15991
-12854 -29790 7234 16203
-1956 -10414 7605 18102
-23704 -5406 2550 4181
-5753 -12166 21185 5831
-55864 -2712 4146 12586
-595 -9861 7536 6970
-8824 -2639 3086 29249
-15755 -16331 322 2389
-20423 -11719 18212 10885
-394 -34255 4830 17277
-13419 -8521 39662 5174
-16915 -4817 5524 4474
-5938 -4675 351 2895
-8080 -65085 29765 8198
-10453 -5322 38052 9587
-14144 -1745 19399 2396
-4710 -8204 2412 17823
-1040 -4637 10333 13769
-7706 -22825 7268 7343
-15802 -7481 869 17205
-5195 -13057 23440 3634
-14026 -31573 9535 866
-21207 -5524 13483 29462
-8195 -7688 4576 47312
-40843 -16038 2100 3990
-8343 -709 16191 2111
-2710 -12210 1120 4426
-19254 -1086 3026 15913
-13219 -37606 18992 2522
-49882 -5718 8109 2398
-6407 -28757 6617 23329
-11176 -4298 12076 6834
-2677 -2805 11742 9438
-31124 -17310 7037 18710
-7730 -21337 56356 6847
-4351 -1953 2259 5751
-3075 -11848 5285 12073
-1911 -20051 13638 6417
-7058 -3481 1919 11001
-11765 -19814 15297 6296
-37805 -18293 40035 4793
-2259 -686 12982 1180
-7921 -1756 7365 1705
-2520 -14017 21661 5061
-5558 -2460 1645 23152
-8932 -24435 2986 10331
-1342 -16911 5418 3750
-26611 -3659 1028 446
-5182 -12313 3961 2269
-10888 -497 7099 11654
-4102 -8226 16594 25809
-1290 -5555 9024 7623
-14770 -2158 6530 1797
-3916 -3863 10655 1530
-3077 -24120 1926 12165
-13225 -1093 20054 8785
-35913 -7650 14630 5076
-5507 -17409 11645 4945
-12795 -19858 1008 5972
-20662 -8320 25357 4290
-24086 -10318 22284 77
-14345 -6861 16787 8055
-1690 -4083 3850 965
-47377 -3322 5056 2548
-14805 -1071 2458 14782
-36859 -353 2799 1033
-5823 -13879 13475 5780
-7342 -1788 4218 6489
-5274 -14528 1674 6640
-3158 -13540 14254 8373
-1617 -33175 19536 6685
-1697 -12883 7830 938
-45285 -3469 4703 19106
-1524 -33692 22734 12631
-3374 -3653 6556 7995
-2002 -20003 1882 4306
-4964 -5401 7517 827
-959 -10371 6019 248
-2187 -1493 6525 8102
-2053 -3056 39801 1755
-388 -14856 1427 4209
-26230 -1902 5437 91
-15543 -14454 4665 5498
-16380 -8125 424 3514
-2799 -23096 10401 6914
-22323 -32899 16835 14017
-37669 -17175 3584 28693
-6363 -5996 615 3027
-336 -10042 8754 1284
-12982 -1160 8992 3311
-4087 -1769 3499 431
-3475 -28953 37752 325
-935 -2709 9677 8104
-16886 -8324 1406 9338
-35838 -5214 11628 969
-30928 -14954 31294 7890
-21533 -13240 8486 36302
-16574 -5000 2263 12893
-1370 -2784 5993 3831
-2957 -1784 23068 17398
-16672 -173 31551 3805
-9168 -4398 11466 8233
-20488 -3610 12072 4390
-2699 -11295 1185 12385
-1377 -13748 1661 7600
-781 -41425 7601 15497
-7249 -3392 9822 10322
-7840 -653 5973 8921
-1374 -2077 16838 30657
-35518 -4745 3220 12909
-4708 -18704 14572 1633
-5741 -5257 3035 7604
-3181 -642 4234 2614
-815 -35626 12469 11402
-18755 -2521 7502 22434
-1086 -8413 8800 25552
-5152 -9436 30939 2658
-1234 -5416 316 38831
-52323 -18257 4791 3987
-24935 -24186 5861 26224
-2756 -4236 3631 305
-7881 -6377 16737 6056
-5214 -2454 2320 3886
-4507 -6618 2081 7778
-15325 -23906 311 8346
-472 -1913 1199 7893
-12174 -8267 7297 9684
-657 -42426 7776 7629
-17214 -3172 4937 322
-6546 -3430 35765 14973
-29620 -25505 1836 23814
-13660 -6271 836 930
-12864 -549 6237 9416
-3554 -3434 7784 10470
-2804 -5057 5689 43368
-23148 -3025 2381 202
-3685 -15325 11234 25089
-1518 -6056 17884 9207
-3134 -9828 987 7222
-9909 -6917 6823 8473
-1077 -8685 5028 3667
-889 -5742 39344 5368
-693 -3059 381 4505
-2010 -41327 21451 18945
-8968 -10247 13847 36207
-4902 -9854 11421 5120
-1029 -5702 15483 7194
-4029 -3023 13755 10553
-15329 -36553 6959 2951
-5449 -7691 46898 14915
-5948 -2348 8047 27220
-7907 -8204 4665 3960
-5211 -1247 35937 4807
-4918 -17840 10518 1389
-477 -1433 6553 7215
-10212 -3202 12203 12524
-31350 -2683 302 9738
-7548 -9831 575 19680
-14843 -1617 368 3794
-4653 -654 11938 16419
-938 -22067 34729 6404
-1145 -454 531 5020
-8938 -13569 11044 345
-10713 -3954 1066 2723
-37674 -3980 11100 13244
-1951 -3023 16257 10127
-1581 -13353 11501 1385
-1993 -4350 16938 3228
-5120 -4473 15323 20293
-6692 -1235 3080 15084
-1172 -18822 9767 4682
-29847 -1974 22793 1637
-26113 -27725 5218 31558
-1325 -5253 3225 58254
-7612 -4895 5891 1029
-7375 -215 15779 1193
-7538 -13023 10764 16639
-180 -5867 1111 192
-17653 -5946 5295 1937
-6929 -32312 8322 25368
-481 -5128 16261 3901
-18366 -11875 2188 1297
-4067 -123 10174 2433
-6910 -7185 13123 5281
-411 -23796 10381 1974
-9253 -13380 3997 23313
-19426 -16232 16826 2539
-11900 -14379 5163 6567
-10048 -48005 17635 7588
-9958 -7231 932 12877
-10523 -42659 12541 12317
-49283 -12751 4988 18158
-19385 -7562 16955 27841
-1095 -19578 276 33077
-41513 -5767 4513 40410
-9794 -11731 7724 21183
-59118 -1118 6850 41211
-18779 -20852 6732 3670
-1202 -179 4145 13451
-6694 -1981 7924 1597
-9503 -4726 9216 24296
-36762 -13209 10959 389
-21609 -10741 3543 23950
-26657 -25736 3862 2466
-14932 -2514 8601 20709
-14475 -14022 7603 4059
-1141 -851 14085 7681
-6734 -3966 16444 5625
-2414 -4162 13351 4536
-5532 -138 1925 1454
-2538 -4724 4156 19121
-560 -1911 9276 2353
-26013 -19494 6744 1525
-6437 -1641 813 2979
-6082 -37080 16864 15753
-12752 -5986 3087 11505
-2647 -101 6131 14122
-10284 -4533 25691 13774
-9269 -13490 3588 2341
-854 -1983 1369 3284
-8795 -21927 4874 4233
-62483 -1834 9881 9030
-9259 -18425 6164 15852
-2069 -3900 237 3944
-14991 -2547 5514 9521
-1704 -1692 39048 4482
-16073 -3513 14920 4797
-7069 -15051 1863 451
-8759 -4829 12936 20395
-393 -14068 24682 6147
-2880 -7163 5313 5004
-1340 -1298 60037 16560
-8274 -3751 18579 25107
-17455 -5390 1745 7840
-294 -1428 1547 11149
-9949 -752 30430 3136
-1352 -35437 2941 327
-50146 -6557 4388 2758
-2911 -3699 3286 4719
-9355 -10862 981 8874
-7256 -60107 21304 376
-3449 -2418 5992 11608
-14453 -5042 2015 2067
-784 -5672 39578 2843
-21865 -2383 2393 329
-1428 -240 7115 9652
-838 -16230 2405 14677
-7969 -7542 10291 1815
-7101 -14423 8592 30819
-9042 -2629 43246 16592
-12412 -2996 7124 1172
-11553 -12164 4693 1393
-2532 -19188 14501 7675
-4778 -13059 6223 14499
-309 -4573 1754 1264
-2882 -2560 4213 51548
-2191 -4063 2403 5977
-33124 -4709 15726 1388
-8092 -7094 10220 39019
-361 -34502 9575 8190
-24505 -7881 1938 19562
-3512 -7045 6337 15805
-4803 -10971 13846 3407
-2767 -5987 15450 21771
-1966 -8138 711 10276
-17498 -5681 7446 16301
-1705 -1154 4896 28570
-18168 -275 777 9212
-9553 -4436 11344 20406
-10848 -2097 3135 2170
-14241 -3897 14838 3384
-10668 -9029 7359 14946
-25425 -26556 8598 353
-182 -3017 18931 88051
-2323 -12421 5837 3366
-1173 -1825 25443 3161
-15785 -1583 6628 2678
-42977 -731 8464 1318
-3421 -9538 12089 36409
-3247 -1976 7624 13781
-11022 -15562 47660 6963
-9209 -3568 11244 12106
-787 -6466 6686 1830
-3859 -24555 15483 6741
-20219 -5199 31353 1518
-4522 -6258 254 2851
-5514 -30742 3886 7589
-7444 -7831 9043 4567
-3846 -11482 3819 3427
-10804 -23317 6363 2217
-11001 -4867 9928 9834
-4508 -1015 8109 24914
-2809 -6102 9409 6234
-1915 -1986 6930 17031
-6096 -3136 4238 2430
-7130 -4244 4080 15776
-16758 -26377 4882 4839
-605 -2279 18539 1808
-12732 -8578 4201 15030
-59494 -1706 27406 13332
-1586 -3088 285 8480
-10468 -4107 2754 7948
-15197 -17273 3220 2896
-1372 -4737 3550 7250
-6210 -1899 8259 11379
-195 -19099 8677 5009
-626 -31890 471 1773
-10477 -11098 577 8376
-8308 -4783 6187 5423
-8097 -8010 3604 861
-36513 -5332 14375 18347
-10158 -8026 14352 8070
-359 -9893 3522 2659
-10907 -61593 4469 1326
-41586 -10833 3205 1401
-3311 -5920 5460 3028
-199 -33440 1831 45527
-6461 -23209 23815 12974
-11265 -10710 11539 11751
-4712 -7068 40021 6018
-10746 -21879 6403 15085
-12122 -3151 9448 16973
-2329 -2922 484 4694
-4617 -2232 4924 32555
-5838 -4730 15479 8560
-12718 -844 2277 665
-17524 -1715 9855 6752
-2454 -13109 25423 27744
-3754 -383 35177 24160
-763 -4104 8425 1863
-6750 -4042 2364 1668
-36398 -5373 8949 882
-3287 -11219 18542 17392
-12555 -17602 643 4103
-2230 -32870 10861 290
-11166 -5298 9990 6952
-2670 -11377 10875 11037
-2253 -4119 7064 4977
-39623 -7902 10574 36624
-4768 -4358 3489 344
-20424 -486 7661 10939
-5486 -1853 11237 13005
-167 -36262 11702 3201
-523 -320 9774 38656
-25822 -9315 4160 17154
-8292 -2525 10488 30
-2156 -5141 4160 9440
-8178 -5234 28935 14377
-10426 -27136 5648 41844
-740 -2169 15867 37560
-13049 -942 24382 30594
-15006 -33650 8212 6289
-2093 -1210 18853 9019
-717 -1654 743 5474
-17913 -363 15024 5272
-2168 -3656 3433 10056
-4166 -36151 10544 3493
-1338 -9737 4757 14565
-5502 -3261 899 12091
-788 -7850 38335 1393
-3928 -30050 4183 9457
-12384 -6150 23844 19090
-983 -4016 6834 636
-16195 -2784 10108 9640
-6561 -2769 31427 3177
-10076 -36003 8468 2236
-1579 -5501 3890 6496
-257 -6152 24504 1100
-11265 -8451 8076 1065
-14821 -35737 1828 31924
-23146 -23550 12625 7605
-1268 -10843 5464 3544
-5423 -28647 7740 4181
-1371 -33172 3581 8659
-32556 -28302 17549 16007
-40807 -2369 7831 2583
-21765 -33622 9674 19606
-997 -1620 4794 2688
-7721 -8213 2323 7979
-2913 -2993 4904 228
-6503 -13636 28097 24268
-10502 -7937 12371 2481
-10388 -16565 11429 10405
-14254 -9412 4293 1776
-10755 -16258 18920 6211
-753 -7381 4486 7312
-6711 -1299 4271 9397
-30936 -13223 4878 6098
-25796 -18596 3103 1534
-9350 -6713 8119 12625
-3489 -11129 35335 17391
-8625 -7799 24983 19891
-3056 -11487 3683 8274
-4426 -48497 12607 3091
-10049 -9383 9622 17952
-4281 -10236 3769 4849
-7502 -21925 4552 7007
-10494 -12436 19351 11650
-1383 -7772 13164 6176
-17587 -7868 419 6857
-4017 -4270 7227 4826
-1113 -756 7822 15708
-3293 -4574 6528 11249
-2012 -4222 1209 15376
-1542 -5052 12702 4535
-3836 -11427 14071 5458
-19332 -13796 298 5183
-6861 -33387 2968 9069
-1954 -6306 1037 15359
-598 -9726 29186 20833
-8688 -1939 3354 6972
-3372 -2135 1451 5702
-5192 -12697 6662 6046
-13254 -35153 4414 13339
-5509 -1655 28978 22973
-7215 -1739 2101 18899
-13329 -5771 5778 683
-22996 -28471 10886 10606
-3523 -5242 11611 5706
-10605 -4132 2349 2459
-641 -13524 5358 3903
-1397 -8945 30285 2221
-23548 -1248 2974 2009
-5072 -3591 25281 10369
-13318 -1542 8258 5242
-17850 -5265 8992 20
-9664 -12074 1666 17112
-10845 -16669 550 10928
-26681 -12729 22633 4118
-3433 -778 6548 7032
-2870 -3522 6228 21729
-14069 -2378 49816 16963
-3194 -1332 4244 3845
-13730 -1696 12996 12740
-3752 -15902 4096 17668
-5580 -13525 34478 781
-1892 -1881 441 13476
-1089 -6856 25363 850
-3320 -3422 20219 6469
-16246 -5138 259 8341
-12639 -4870 2930 1679
-19357 -6375 10960 5866
-13202 -6641 5301 4904
-1546 -11720 14504 13284
-4519 -4096 1975 20209
-2398 -18937 13392 4144
-2607 -8029 2982 1761
-4254 -20566 1763 9493
-10560 -41814 265 37090
-41173 -3462 18184 33016
-9472 -5622 2031 10369
-216 -3264 8230 15492
-1468 -15176 10210 7514
-22472 -265 1110 4334
-20796 -75072 14779 3429
-27426 -2398 8492 5106
-7365 -26436 17594 1490
-548 -10771 21228 26012
-2277 -8257 1118 9041
-1339 -2796 6897 7156
-298 -3544 9161 1703
-1255 -3425 12377 2319
-4736 -3361 2912 18943
-625 -6457 4080 15320
-16989 -16812 7569 218
-3380 -6936 7034 4448
-1186 -6465 21319 15944
-3791 -1977 9783 2512
-27839 -1114 8438 13875
-2464 -224 9683 8786
-2520 -4033 6322 15161
-674 -14289 2043 1595
-4569 -8199 26287 18139
-25276 -1363 34179 3384
-4182 -14774 11786 91
-14407 -9038 8083 5925
-18367 -19459 7668 16694
-30667 -619 13683 1076
-6340 -1537 1058 5242
-32066 -12377 2667 21882
-22991 -13306 1240 47151
-900 -4914 829 7068
-4111 -83 19248 5646
-27613 -11788 20528 7648
-36800 -16326 13674 1515
-1670 -811 9214 2867
-32027 -562 3525 7257
-3515 -12520 14821 20607
-27059 -761 2817 12368
-9777 -3522 14192 1682
-5242 -7185 3659 1972
-22642 -8640 2513 9268
-186 -1586 369 1621
-8534 -11453 23616 17490
-22868 -1531 1347 3102
-2422 -20924 12967 15640
-5784 -8522 10444 10641
-14116 -1499 4323 9511
-563 -41369 19439 6713
-6121 -5791 1464 17875
-2936 -8338 13060 2338
-28928 -4213 3396 1625
-3862 -11522 11808 714
-33177 -21661 20839 19627
-21158 -13445 5931 4162
-37232 -17114 28162 8382
-1156 -23535 13100 5791
-8496 -6909 10412 2584
-1882 -5066 3295 12903
-7166 -7396 4868 4578
-1474 -22047 1555 7679
-51975 -13851 34323 572
-4756 -7769 1790 23317
-3675 -5349 476 10948
-3980 -1467 1813 8749
-5693 -17520 23148 1317
-5037 -9877 8167 3583
-9985 -4434 12746 23805
-15539 -2216 24515 959
-23186 -8567 1498 439
-30645 -8497 6793 4863
-4894 -2719 3219 1359
-5056 -4632 15902 39863
-1579 -5675 6093 6759
-17216 -26867 5707 5235
-2534 -9813 19633 28526
-3547 -10840 25200 924
-11206 -7669 709 2096
-23805 -856 12302 2243
-15245 -25541 10124 991
-20725 -6190 18204 5366
-6647 -7548 2288 28173
-21619 -24014 19762 18306
-9343 -12496 22793 123
-6647 -1025 2904 9825
-4321 -713 4082 11557
-28672 -29516 4425 469
-7798 -30167 6220 16689
-12753 -8742 7165 6471
-14083 -9615 2185 11083
-3296 -5679 26217 42329
-1643 -960 850 294
-11008 -8559 28056 13457
-5285 -7810 7255 9027
-10554 -19526 4253 8422
-21707 -26977 7244 4288
-2543 -15579 2734 2790
-7902 -24026 13270 25264
-23131 -46664 2786 10244
-16972 -4111 7938 729
-1575 -719 11050 12345
-11031 -4430 28388 6463
-1992 -8265 6761 6220
-601 -515 12996 12981
-5519 -29851 21418 55
-4305 -10957 4463 1710
-5998 -3984 2382 16718
-9153 -961 22913 30220
-3427 -15867 3570 7142
-14224 -301 2633 26864
-6100 -2172 7262 2956
-19961 -10431 24816 5120
-2795 -42023 715 4947
-23799 -2731 55917 39438
-8995 -11392 14721 18376
-16417 -3162 4227 9654
-5457 -16897 3991 10660
-5877 -16301 4749 20070
-4122 -48828 11375 646
-7990 -5168 19047 4283
-15619 -23924 9001 8059
-6976 -5687 13561 1020
-954 -10545 15191 32182
-49700 -4060 1647 26901
-2821 -3888 696 2471
-16674 -32067 10321 7427
-8314 -2419 7408 19011
-7349 -825 1519 30514
-18114 -2073 2108 2067
-5954 -4990 7216 8680
-8765 -2533 41801 42628
-5642 -11259 2240 44217
-15175 -1194 4814 684
-17468 -17109 3453 16222
-8563 -38374 7403 4545
-18876 -5006 13881 1162
-9139 -27943 2844 18455
-9358 -867 11363 3035
-14071 -43154 8395 3926
-13148 -913 4598 6112
-8134 -7444 2043 1556
-5032 -36265 3552 142
-25678 -129 16601 9083
-16330 -4669 859 19054
-17235 -3685 7928 7038
-9181 -1773 16975 10558
-55437 -3736 6044 1711
-9128 -750 2312 104
-532 -2210 5708 3883
-3540 -2808 8022 9812
-23363 -7057 5391 1133
-17840 -1372 6471 7074
-54085 -7016 2646 6162
-7328 -3768 647 962
-26157 -3237 6647 16440
-6630 -26084 19823 5809
-24317 -5770 18957 4683
-9756 -6837 7646 23361
-724 -6631 3244 3896
-4949 -29412 7497 51
-9880 -1204 1775 7237
-4649 -5668 15666 7709
-5743 -1142 1941 10341
-4801 -17830 22517 6761
-5604 -1675 7292 13849
-2522 -23023 42739 3304
-615 -3385 369 5707
-5909 -7261 12990 13454
-551 -2466 20119 8809
-773 -4294 504 530
-25841 -58274 1800 12101
-15163 -1790 4045 17491
-1463 -10217 24356 6556
-8612 -10391 3265 6532
-6369 -42243 843 15763
-6598 -8554 2966 23709
-5145 -7822 17125 2088
-6251 -6544 2985 18218
-437 -642 9103 780
-754 -1203 1377 4679
-3868 -14764 3627 10404
-4634 -13361 25214 4210
-14628 -705 35633 3992
-10091 -16445 22179 43
-2315 -10473 1144 11171
-806 -20894 2184 9959
-5333 -719 7782 308
-15644 -1218 1329 803
-2767 -595 3006 565
-4133 -19715 17880 5850
-1342 -9410 12571 7675
-4022 -10218 214 12362
-1183 -2374 17219 275
-2233 -2569 18590 10807
-9185 -4459 1314 15235
-7847 -5523 2385 27387
-9789 -11131 12119 8284
-3504 -2210 2494 8913
-4537 -3484 13735 2355
-11476 -6465 14112 15807
-15294 -14045 1176 13499
-20460 -15203 13240 2837
-6589 -8669 32936 8429
-9431 -474 4731 1855
-7001 -4962 31642 4046
-15999 -44327 2927 2355
-32687 -3077 7198 22682
-2138 -11647 8650 2738
-43820 -12161 9566 24649
-5990 -13821 10153 5235
-29211 -8564 15372 2867
-3571 -8913 16950 7842
-29934 -28816 5296 4933
-6996 -66436 11957 2235
-4801 -2212 21009 17437
-11662 -5878 13035 1114
-4954 -6173 5381 5065
-24596 -7953 8208 10323
-13987 -1751 3546 13078
-17535 -19564 25508 2669
-6298 -10320 4257 497
-14333 -7569 7578 30730
-9938 -4607 15436 12818
-14673 -24655 9502 5492
-1862 -11694 8867 5763
-5129 -2492 4652 49
-5943 -2484 10992 28442
-13707 -9727 36484 9839
-1347 -15170 7121 680
-2811 -633 4366 8923
-3899 -1153 5275 10345
-6661 -966 20908 39
-16744 -7847 6918 4653
-22390 -485 8143 262
-5952 -3514 14691 29273
-35107 -5877 29195 6531
-3529 -14415 517 16721
-7347 -8204 44991 15356
-14425 -6905 27702 18676
-401 -4924 3943 5006
-7510 -13047 8359 11548
-4097 -10360 15358 1254
-11338 -3870 2456 19843
-6369 -13694 14278 5092
-8250 -14210 37155 2352
-24938 -17433 1946 8976
-486 -6635 3223 4162
-3324 -2385 2288 8726
-3400 -600 5328 260
-32476 -4400 10563 8559
-8909 -7926 2536 2895
-870 -45289 5953 1355
-9929 -7709 7099 6349
-2939 -42450 10582 753
-14400 -22005 22533 3598
-1826 -12266 9398 4294
-20997 -15223 15134 23556
-418 -57 3944 7509
-67410 -13747 18503 11516
-1390 -3823 1566 275
-5800 -2588 16886 225
-41033 -18570 20270 9529
-6032 -12837 6993 2228
-8705 -15567 13073 4047
-6901 -3157 799 15911
-34397 -12011 35321 23039
-5098 -2162 2293 9824
-2130 -8380 786 10415
-17832 -4415 30013 5315
-15305 -1157 8088 453
-8888 -19163 7735 19303
-4935 -6363 1965 11829
-641 -10282 8932 1705
-11604 -14056 7798 13125
-36218 -2651 17875 12328
-6511 -182 2614 2616
-4983 -94 7027 502
-35065 -17738 3123 9375
-19809 -2002 6537 28826
-8035 -5214 3965 2426
-356 -15350 11049 1129
-14852 -3571 8944 9222
-7747 -1693 5199 10352
-2673 -13236 212 16426
-2321 -16359 9754 26968
-2411 -19308 9239 732
-4000 -11695 5825 4673
-2493 -20827 34823 3815
-1562 -16241 960 26683
-2650 -1455 2223 3340
-2250 -1720 3242 15111
-14019 -3991 3405 3672
-6233 -20562 6107 8039
-23228 -2962 20610 467
-10978 -15553 6873 21269
-900 -2717 40684 7491
-3337 -10855 1686 26679
-8077 -1169 804 29892
-4736 -1079 11055 946
-2241 -16936 2543 7338
-25375 -40864 2995 660
-13759 -6090 1628 473
-7548 -4116 4285 1397
-1975 -11419 11929 9231
-4225 -9270 1586 5242
-22809 -30122 24909 22149
-3898 -11488 24146 12058
-13250 -4463 587 4400
-462 -6223 1013 10336
-12353 -11390 1022 143
-4447 -3532 2554 15235
-9889 -16139 713 11914
-5686 -6712 4467 12524
-964 -10836 6747 21351
-23318 -11637 8322 5181
-24657 -749 2485 6165
-6809 -1385 17266 16188
-663 -6407 9536 3664
-19077 -11132 8588 30975
-22373 -14454 6064 5677
-33962 -10528 84766 7156
-11374 -11971 2680 2524
-33204 -9013 8793 3169
-4933 -511 4546 1175
-13408 -705 6635 7022
-8601 -3377 23512 20712
-45023 -1639 14406 306
-1409 -472 2552 758
-5727 -1960 7948 5778
-27455 -2214 28771 3962
-7476 -9045 35065 16664
-2819 -7655 930 14877
-166 -11457 11057 3844
-12470 -641 29847 16110
-3748 -351 10279 13735
-744 -5998 5888 6729
-9648 -32055 3834 12983
-15795 -15417 1758 16643
-391 -1311 1665 555
-620 -9768 4406 2796
-14085 -17282 9173 21938
-4591 -7235 13051 4193
-3888 -8946 23351 6450
-216 -5534 9908 5980
-246 -9078 6686 2074
-7939 -4352 46955 7149
-36247 -29474 7487 14365
-7026 -8169 3308 346
-31083 -8481 3071 48184
-5376 -4133 4800 6824
-2980 -4820 9211 11021
-3680 -51203 14505 18666
-6892 -11628 1272 7823
-2196 -16242 1458 8966
-2336 -2987 2899 4227
-16151 -1733 1148 13002
-5648 -41960 13083 3942
-14423 -1795 6543 11963
-32165 -8116 4790 29222
-18538 -3116 956 6782
-10654 -5095 5782 359
-1069 -8043 1835 5620
-18638 -4399 3991 41007
-8030 -5549 11707 8151
-14368 -6905 5901 34214
-1015 -1661 3302 2302
-5594 -2851 6964 22325
-5496 -28458 22759 11271
-2319 -2794 8601 7641
-42679 -5640 25104 3052
-4445 -1969 17346 25792
-16477 -4309 13924 12045
-17032 -7673 22722 15822
-2380 -11060 3583 144
-28702 -10956 12810 27992
-23548 -16551 4442 4035
-9974 -5328 3097 243
-21266 -1547 3438 5226
-16960 -17269 9495 9336
-4377 -270 12688 6174
-273 -20557 2353 18011
-3368 -5858 4107 8667
-2678 -14184 23590 16214
-5674 -345 22386 3503
-5386 -6154 216 10851
-938 -14171 46782 9255
-6080 -1295 16209 4459
-21701 -2351 7965 6689
-11826 -16088 40862 12192
-9857 -7172 42932 3629
-5869 -10713 23798 18074
-4124 -9372 4905 8577
-9886 -359 40007 2106
-5201 -20191 6202 27567
-11686 -14898 479 16454
-5288 -379 2145 1537
-22765 -328 4347 8853
-5080 -4500 23858 1318
-20889 -20638 868 1437
-20705 -12875 13670 5048
-8367 -4114 8670 14386
-11709 -2515 4279 2128
-1301 -1374 8007 12046
-44318 -9576 28523 2930
-11064 -880 636 27767
-10025 -3778 3911 10605
-8246 -4467 49347 7121
-802 -15126 33834 1358
-23760 -4288 324 2502
-7849 -10920 7982 6302
-6670 -23883 11428 14447
-9625 -13892 3568 4211
-6723 -3783 42167 1586
-2395 -4910 2085 17663
-6234 -2373 3905 6261
-4523 -1488 2338 10584
-1484 -10868 5820 13216
-41371 -5999 10644 14459
-3126 -4646 4312 13203
-13605 -20201 2984 6131
-9170 -44384 627 17125
-10452 -25420 3544 7893
-21167 -14383 4679 5703
-736 -13057 10931 3749
-3537 -3522 22860 20473
-12883 -2591 4544 4558
-2264 -7551 1430 8380
-609 -88 10904 2594
-4776 -16205 6762 6366
-37578 -742 17331 15532
-3194 -2065 9113 9291
-14767 -14316 50758 1110
-10648 -11861 18881 5348
-4547 -11472 3867 5759
-7039 -3609 5987 4322
-1038 -3036 20753 4235
-1340 -32837 2130 23952
-5745 -1810 13605 5300
-8041 -713 13348 1759
-3879 -8769 3386 3519
-1491 -24503 5454 8680
-17937 -37925 15212 9111
-10878 -3111 9459 8591
-17703 -15224 9243 4973
-2430 -5518 2182 3692
-4041 -658 3854 33790
-51672 -223 12220 7581
-1280 -30093 597 12952
-10394 -17504 11273 389
-7405 -4479 20391 693
-12105 -23134 372 4630
-1252 -5801 959 30
-6342 -6052 1319 458
-7203 -1693 7735 177
-15388 -8926 10988 4015
-16300 -4935 6496 1824
-23481 -716 3846 37
-9829 -2974 14512 3349
-23575 -40957 905 11863
-1847 -1854 2393 17627
-8117 -9306 6058 36355
-18969 -13402 857 12907
-4318 -18897 18474 9975
-16596 -4448 353 4810
-9402 -256 902 22738
-8989 -17690 37961 5833
-16070 -11071 7555 1255
-13996 -2845 4203 23678
-2575 -14640 5355 15934
-3590 -3877 4456 15220
-1864 -324 14809 8805
-4517 -38306 31598 374
-14764 -18540 7361 7306
-15344 -35445 34518 54
-8656 -8982 1414 16001
-2601 -4852 6557 5090
-584 -9626 8840 1839
-8202 -6798 17385 170
-19984 -6953 1773 3815
-7914 -13563 2817 80
-10513 -12346 1053 1022
-2711 -6721 2919 22887
-2754 -5107 6581 1622
-8415 -17058 11442 2339
-14150 -2903 12532 8706
-7539 -26614 331 20985
-1721 -6861 15512 1719
-10784 -2876 3520 6631
-7026 -4348 17780 1829
-3410 -11525 8094 83
-6572 -2124 40584 294
-3705 -6495 848 5451
-12129 -4569 3646 47068
-5659 -3692 36440 4905
-7381 -3066 3775 11952
-1122 -20976 7290 54535
-392 -5761 6714 14707
-584 -11162 1264 8591
-14823 -963 26629 24259
-4555 -10651 2925 58134
-15736 -7555 25603 23982
-11718 -79 2803 32615
-1936 -3146 1612 2703
-11969 -237 478 9681
-2695 -145 424 3888
-1135 -3381 318 909
-4773 -30769 8042 2043
-13634 -29163 3285 21205
-17393 -16322 28179 6528
-5948 -27882 4590 1019
-336 -18479 29370 3087
-3078 -7765 13826 18111
-3756 -4610 3813 17912
-18965 -10181 3110 846
-1492 -1886 4551 10168
-5403 -4027 25288 7816
-3930 -16260 3371 22195
-2331 -3612 11919 3561
-2127 -10908 7779 24133
-3361 -13619 4096 7118
-60484 -3353 1134 518
-31972 -6873 3884 8911
-14572 -2060 3762 20022
-16948 -26235 4997 35270
-20413 -11547 50757 11745
-9919 -4000 7801 1608
-4527 -3067 12717 13065
-21364 -18349 24636 775
-25036 -4826 34499 351
-5544 -6281 13955 6903
-9457 -3061 1545 4420
-18168 -13343 30285 23141
-559 -18222 4485 300
-14448 -9496 3102 1287
-19415 -1828 2427 9072
-21170 -12305 4501 4669
-4451 -8825 12983 3988
-2720 -2671 11645 5910
-2107 -11257 9332 4469
-24710 -9985 11350 43056
-2492 -5919 4136 19452
-9291 -34192 5970 14780
-1044 -20458 3214 8903
-15820 -5684 4245 2706
-26246 -1450 21983 5685
-486 -16186 755 8713
-3505 -1957 3270 16963
-1118 -3305 8808 14215
-6694 -3475 9415 21503
-9925 -1781 19619 22902
-4744 -25844 776 3514
-4436 -3133 3764 18300
-1574 -3490 309 6354
-4794 -12212 3484 11514
-31280 -5420 5328 10682
-19047 -14520 19157 5322
-1581 -12114 5599 2106
-23606 -16566 21403 11451
-44497 -3991 4516 195
-20225 -9900 1615 30576
-14740 -5224 5125 34157
-20497 -5407 11607 4416
-753 -9625 16930 2872
-1784 -22411 10488 33829
-13426 -20687 5002 34219
-12333 -30859 9104 12277
-2595 -22101 21720 14479
-10909 -3712 1982 1242
-17668 -3656 9788 167
-15869 -43767 8849 10474
-595 -12670 11863 6447
-20081 -40755 3233 4170
-3921 -8406 22044 8439
-708 -17923 250 25468
-22210 -247 1980 8022
-1209 -13696 14266 822
-14473 -1217 18856 1373
-19328 -34821 17960 1418
-4881 -19214 1240 16494
-17788 -24586 9266 10144
-427 -16874 27981 5345
-2026 -33667 6489 13330
-16688 -9698 222 140
-22812 -25392 11366 989
-2638 -2687 5136 8572
-2109 -7197 17227 7269
-14046 -18158 1847 24514
-7139 -10713 7343 7607
-1645 -37574 30626 13479
-13030 -5681 16270 1394
-4070 -32707 14274 2238
-2333 -6997 3758 2661
-16783 -7584 11014 4509
-4435 -20119 1444 10418
-6752 -3774 1208 12204
-2279 -39754 2573 2748
-5408 -12769 2055 9580
-4725 -6691 19179 30098
-2774 -3610 9162 2835
-12799 -1049 5424 5220
-594 -7027 1150 26142
-625 -12987 26299 1264
-4475 -7226 17096 9098
-6562 -7675 20881 12274
-3417 -240 4569 21032
-12925 -25933 9128 8499
-4915 -7245 665 3608
-2490 -17297 3370 46277
-16267 -655 5664 7288
-513 -15420 6474 1022
-5574 -7818 7566 2617
-4270 -7710 6055 2377
-6788 -4441 13337 2092
-3867 -1333 1186 3630
-8693 -2414 5744 17132
-33654 -14668 4199 3321
-21149 -18642 485 245
-11140 -10997 28381 3432
-6698 -2816 3926 6241
-2537 -20110 12847 1147
-3181 -21830 9643 5194
-36152 -5023 40872 8286
-6794 -2291 1261 21983
-2812 -8466 7888 276
-8597 -7251 1541 19550
-5374 -12157 1586 828
-24752 -25630 1251 28895
-11575 -1392 7174 8518
-9283 -8010 1583 692
-6917 -23245 7682 2397
-4661 -10720 25122 1706
-709 -521 4880 10355
-3328 -2081 8028 1153
-270 -12927 7486 14604
-20126 -3869 1488 3230
-3789 -23083 5881 9800
-533 -1018 5897 21824
-21531 -8290 20815 12307
-14152 -15281 6585 19039
-5193 -15277 10553 458
-12542 -14528 20631 2143
-17966 -17045 20900 10495
-6789 -13520 28911 16190
-27653 -8773 6290 18195
-4752 -6747 1425 760
-12061 -23903 27062 23728
-1309 -3926 20692 4702
-3410 -6216 5857 4417
-2062 -9729 1796 4575
-28004 -34132 11175 1495
-9194 -19544 1961 10645
-14112 -7229 3759 24090
-4633 -10629 19681 3002
-6865 -4052 31197 5409
-31886 -12681 66557 15961
-39718 -2200 23970 27194
-3343 -12611 16482 23881
-1476 -5370 6968 21991
-11386 -190 11661 19991
-1607 -1187 5055 5019
-3258 -15143 3471 2413
-12670 -1806 6854 1243
-2026 -30254 14662 23440
-5619 -14055 31353 1851
-11045 -2139 2545 12046
-3618 -17577 1568 3639
-21740 -6542 2653 19409
-15929 -405 6391 3315
-527 -8510 11026 6788
-4979 -392 5057 15658
-4991 -4164 4831 2631
-1810 -3704 3537 3782
-1960 -224 7228 895
-15387 -526 8330 3251
-9673 -5076 10173 5604
-17870 -5411 1186 7849
-1313 -1859 10332 7084
-20144 -11099 1410 5376
-1403 -6251 3207 76
-14485 -24442 7393 11590
-1915 -14602 3682 3659
-17827 -10005 9005 9505
-33226 -40410 26485 30150
-15207 -6643 4715 21395
-891 -293 27951 7451
-1906 -2638 33806 3227
-7179 -5491 12645 35038
-9869 -744 12212 19829
-14145 -18763 797 12619
-18822 -6848 1657 50
-11740 -636 12958 348
-177 -7709 28601 5362
-1416 -2900 1056 4716
-4215 -2581 17972 32745
-1411 -953 393 10781
-1295 -12445 41257 10822
-7626 -7121 7147 5148
-9073 -20692 19517 5726
-6867 -20739 2656 7581
-490 -7391 678 3209
-14267 -588 5220 10232
-479 -1939 11054 3581
-8304 -12670 969 2775
-5381 -17733 5791 27592
-3741 -2739 24197 18800
-1210 -5060 19598 556
-16870 -6937 5537 3593
-3690 -13784 1359 35735
-966 -22698 17719 2748
-32426 -4106 548 70
-12003 -14728 7776 17308
-5721 -22017 1800 948
-4635 -3186 913 2471
-6894 -23110 283 1418
-8849 -4086 9199 1780
-7146 -8248 5396 5261
-15363 -8994 25137 2248
-21240 -18645 18326 10754
-4185 -2066 5187 1191
-8377 -2106 7609 4215
-11988 -6413 1775 1516
-9443 -3276 2457 24008
-511 -3855 24437 3923
-25610 -2246 2090 25301
-7281 -7553 1418 21394
-588 -2367 11839 2106
-5783 -5055 31280 6219
-30986 -7066 4829 385
-16815 -8313 7447 24313
-12846 -33874 15823 8901
-4113 -27844 683 23253
-5442 -9151 995 3098
-10297 -6134 2835 3615
-1922 -5306 1176 12648
-1934 -11948 5651 500
-4893 -21052 13781 4702
-11133 -11633 905 6691
-6064 -1041 15694 6101
-7764 -888 4035 3590
-6871 -995 8658 9279
-10403 -12418 5004 4893
-8083 -5510 22400 11866
-935 -3746 1083 23805
-2343 -3678 2901 8664
-13446 -31210 7063 37461
-3260 -7707 12161 17945
-12926 -7839 2936 12582
-4010 -7577 7575 14927
-2356 -11556 16905 3193
-5296 -19743 14362 6850
-12418 -34294 56835 10033
-5268 -18041 7912 14313
-2438 -28928 5456 1228
-8295 -1297 11665 2711
-7819 -5856 4822 19612
-9765 -6904 1195 16170
-6358 -5165 6745 11083
-6099 -4698 25121 2484
-23057 -7727 24164 5104
-8356 -8022 1610 3980
-9585 -14880 20691 4690
-299 -12487 10367 2226
-34259 -17490 2145 34756
-8284 -1789 28914 10139
-1703 -35209 8829 24734
-3382 -11301 17716 21411
-5202 -2157 10112 3394
-4624 -5852 7412 12687
-38837 -845 5142 12015
-872 -18609 5400 2256
-2120 -2162 10420 42218
-32507 -14781 55519 483
-7076 -7531 320 17678
-2017 -14609 20628 9904
-19057 -2931 1336 220
-1160 -14578 21852 1293
-222 -6042 12257 5890
-25340 -2626 28706 1317
-3302 -348 6463 21114
-6329 -5328 315 12732
-1823 -8151 27395 7142
-1924 -13928 8135 11911
-292 -4046 8532 9210
-2919 -27896 17452 1816
-6625 -14610 9832 5964
-12215 -6796 15000 1370
-2837 -5533 3064 1401
-692 -1320 1932 13370
-5247 -8690 7100 54627
-6642 -17637 8032 5277
-901 -228 6788 9569
-8577 -16369 15579 5268
-3039 -381 3101 3199
-4575 -2005 11078 10487
-583 -5111 7372 3312
-5185 -12317 11393 17747
-17659 -6219 535 45636
-23218 -11039 2941 7165
-8950 -9026 17098 993
-6052 -17677 20751 14581
-12863 -32209 28636 5091
-21152 -2534 4377 14545
-9920 -5361 23049 12420
-3837 -4762 4565 19268
-331 -15360 12846 16140
-1111 -8745 12783 4397
-4890 -25902 6940 16826
-2084 -5120 1885 11940
-8792 -2016 4027 16930
-21113 -4670 277 15489
-195 -13274 8696 44521
-9981 -2488 11369 25144
-4180 -12854 2264 5488
-2493 -10730 755 8869
-18459 -14361 16203 3514
-2691 -3092 5744 534
-7495 -6484 6287 24914
-3261 -3762 6318 24301
-3193 -21259 19874 14717
-45437 -4030 6295 355
-15302 -279 19472 21199
-12778 -9930 2602 134
-4731 -3640 5503 1223
-5220 -6888 314 16061
-18253 -541 2608 20428
-6921 -1951 7347 19191
-31207 -3274 3579 3990
-11139 -11953 17358 8706
-5766 -9584 2887 3680
-6278 -5933 6600 1055
-16758 -8042 5235 4065
-9081 -7746 1706 7772
-1939 -4566 2594 37405
-9033 -16316 15345 26249
-4916 -2892 28784 18691
-6509 -382 2431 5789
-1347 -4148 557 1235
-994 -32249 11379 3714
-10764 -1579 491 9057
-2629 -18982 13107 13835
-1614 -308 8247 3667
-31745 -16555 4740 3931
-33597 -2456 2965 1473
-16124 -5039 3810 38242
-431 -10165 5372 1760
-10858 -22447 6834 371
-937 -8411 3994 23237
-4399 -29573 1924 16024
-1107 -263 3279 10602
-850 -620 1264 16100
-7913 -10525 10459 20928
-967 -6191 22643 5000
-12025 -16347 7004 7753
-4955 -3168 5538 21
-7898 -12626 372 21016
-6611 -3594 7593 10315
-2975 -6506 7604 2173
-21838 -2994 48257 7102
-11585 -9359 6924 30031
-4470 -13120 8186 993
-319 -11826 3588 8645
-1226 -42704 9470 12407
-3279 -31211 13052 5989
-21288 -21901 17492 3741
-12970 -2520 42759 6828
-20352 -3028 1025 9997
-6835 -9911 1383 8406
-13317 -6034 6294 38235
-5309 -64361 1748 6534
-2203 -34217 2455 24221
-6062 -1995 2402 19686
-12213 -22068 14568 2932
-17556 -10475 613 3679
-9083 -937 14974 2101
-11895 -245 957 4802
-15419 -10406 14614 10062
-7154 -10035 5379 8605
-7455 -25425 2335 9446
-15453 -8571 11470 1142
-17341 -7660 12101 6478
-1244 -10309 2121 16499
-53845 -4384 2063 3338
-12707 -47588 9211 1179
-8122 -135 8758 3407
-434 -11756 7303 12155
-8876 -10411 621 1580
-8134 -2849 8787 9997
-648 -2305 1505 1777
-7092 -394 10402 591
-609 -5168 7746 9163
-39130 -12779 12049 3114
-2105 -3373 1912 27408
-10992 -8031 327 140
-5978 -39305 4001 6823
-12679 -7071 6660 12698
-1723 -18558 57193 17927
-11819 -9964 18519 1569
-8212 -208 3960 3466
-1092 -16275 44931 2721
-12147 -3737 5680 18329
-16130 -544 18350 886
-217 -12764 2846 4966
-30398 -14738 13038 842
-3295 -17091 7824 15165
-4533 -15777 10876 3853
-161 -1481 6238 4923
-9456 -5669 4944 15587
-1354 -453 13064 1287
-3471 -1769 3050 20448
-15576 -8001 16811 26489
-1641 -946 8392 4701
-2509 -15711 7674 23131
-7174 -8267 11029 172
-19962 -2436 8349 898
-1100 -4733 1102 6195
-2502 -531 9069 14441
-8027 -4496 2906 11411
-21051 -13815 13004 2131
-7715 -7021 34896 988
-8105 -37911 2682 31050
-4474 -6743 9051 1826
-6062 -1046 303 42960
-5824 -52203 14695 10830
-10646 -13596 24687 577
-482 -3376 1916 24782
-6109 -2882 2405 1930
-2868 -34356 2032 22701
-6204 -929 335 18614
-5211 -6527 12488 20074
-24237 -11299 8568 7561
-19243 -21622 6085 2609
-2563 -2541 24011 8022
-458 -7242 41990 897
-10824 -485 2234 515
-7908 -10909 10729 53530
-16686 -440 7639 31375
-17875 -6489 4431 8973
-7812 -1560 15267 15997
-1768 -11845 1178 1442
-11862 -31757 18604 21333
-3612 -6595 4560 10104
-15245 -23737 5743 2605
-6594 -1453 10082 8929
-3782 -18972 2978 5944
-1308 -4193 4392 52
-32216 -17404 4125 8119
-4433 -3340 13895 4829
-11134 -6606 6307 6921
-33777 -2344 3525 69445
-7489 -11035 1220 13760
-4907 -12943 19949 5031
-6650 -3752 521 8265
-27267 -28349 14828 16481
-8828 -357 17005 43044
-747 -2570 3009 37219
-5934 -2522 4998 11861
-5136 -3024 2413 5678
-950 -28357 7914 6183
-17589 -13356 15403 1046
-11690 -26879 15967 1310
-15743 -13613 15820 8794
-7938 -7942 7938 1115
-6853 -8495 8889 10863
-34962 -1217 30757 13468
-24590 -16750 10598 8801
-11942 -11243 697 2880
-2240 -8310 1866 4382
-3550 -8162 24513 12193
-1517 -1012 8377 4102
-302 -10173 200 425
-23148 -35887 2643 4354
-14749 -8859 5740 267
-586 -77 12379 11990
-14313 -1757 9782 6098
-16019 -20417 5517 9830
-923 -5484 4296 370
-12211 -11636 25481 48214
-1040 -2773 737 744
-10766 -1384 19068 993
-21734 -4629 26177 26408
-31776 -8375 5718 635
-6657 -10418 13588 14072
-12641 -4291 3199 9418
-5985 -11200 8830 8124
-9117 -3048 19899 3934
-13158 -9757 3978 5693
-2733 -33381 3029 13157
-7422 -17551 6263 799
-3224 -23863 2624 2143
-15663 -10138 14784 1931
-10568 -1540 1261 3692
-3412 -2178 9069 5447
-2330 -13118 2646 4669
-9965 -9964 8678 339
-3942 -28809 2587 5548
-2797 -7402 28326 12303
-2655 -8418 3683 2452
-17711 -7908 3506 9512
-1843 -6756 7708 16219
-24467 -4920 404 1111
-2977 -823 4240 1615
-16206 -6563 8243 10882
-6071 -8154 43590 14625
-48896 -52018 18117 36569
-9981 -13230 34838 1634
-23603 -406 14667 1576
-9477 -20859 1637 18349
-10860 -2859 1959 24467
-7385 -6976 33266 667
-13202 -6885 11729 7953
-3314 -1527 818 3777
-23560 -2322 2629 7894
-833 -603 15672 18518
-6946 -8180 26848 3601
-1090 -20525 2543 27254
-49345 -4493 4058 12913
-3527 -3171 3845 826
-22410 -4570 231 6600
-5011 -14084 7887 6684
-12638 -32281 7220 7399
-10847 -18309 9516 13800
-232 -4724 391 16160
-5724 -2046 2656 7932
-3139 -21088 2884 9779
-3811 -2298 39931 5066
-15167 -4039 40985 8654
-27981 -32124 1822 6376
-10717 -378 15949 17474
-208 -3356 9154 19455
-5476 -16230 18290 12186
-29463 -10921 5352 11327
-9873 -8862 882 16180
-5067 -2138 30100 21888
-7099 -9625 1202 19273
-13059 -9974 8011 20743
-7123 -7489 3647 8111
-17040 -10755 5802 10293
-21948 -11142 22637 4405
-764 -21092 3523 1479
-1539 -6109 16269 16918
-632 -2966 3912 3458
-5980 -5842 4060 9090
-691 -15617 21627 13983
-4401 -4315 11563 7927
-9795 -4116 4147 3021
-2685 -7968 39137 5672
-816 -11856 15419 11557
-1999 -30322 2907 12365
-594 -17506 5400 271
-21175 -17406 6712 27499
-1036 -18677 19174 5798
-3934 -5972 15028 8654
-8337 -8870 1787 15191
-18124 -4612 30016 4071
-5983 -141 1241 7751
-17713 -9272 13420 3630
-6705 -1944 1034 6116
-4449 -1995 4775 3032
-22676 -210 322 4426
-10413 -6790 25549 2222
-2365 -2334 1373 7434
-4259 -3950 18660 1578
-28058 -9071 11257 32442
-7698 -7564 661 14076
-5841 -4717 14080 11405
-9016 -281 5431 19440
-3555 -13710 12614 20385
-4416 -11812 8648 7950
-8136 -12392 5496 6791
-736 -7776 2306 5528
-5065 -1767 4447 2791
-6443 -6308 8591 7898
-15597 -39915 12921 10278
-18274 -15442 11363 8617
-2662 -14764 19816 12691
-15967 -17940 15778 966
-4809 -14143 12640 2344
-8016 -5267 5610 6244
-6422 -10301 3945 7153
-3901 -4084 4916 769
-4461 -13334 5709 806
-27652 -5144 20730 2996
-635 -24736 2535 16497
-704 -1113 4880 896
-1721 -6579 2250 8565
-3202 -16363 5801 10912
-14104 -882 24470 88
-4687 -32132 3297 22970
-26100 -4897 628 1269
-15322 -622 22216 5178
-5186 -5668 3936 13400
-519 -34519 3399 5319
-3575 -7417 4290 11757
-4693 -1207 4147 1327
-4255 -2155 4575 41912
-3199 -4214 4612 21436
-24869 -3153 6267 1505
-14022 -4705 4372 10739
-3364 -5800 27207 6340
-7389 -8094 19694 4787
-18518 -10879 31399 2263
-4120 -1457 22440 13847
-9017 -526 9379 13428
-10264 -2341 5468 742
-9299 -24175 9668 10423
-13591 -2683 6221 9125
-24888 -3675 956 4740
-16640 -18991 1200 10269
-3541 -4855 15413 455
-3043 -6753 12807 9115
-11507 -3104 7837 10982
-15816 -5080 2474 5879
-2460 -10550 22051 7183
-7019 -6643 7176 11256
-629 -1073 40890 21156
-13622 -946 5319 1545
-21947 -5310 2469 20896
-446 -2460 4951 5973
-5882 -43169 2601 21255
-1212 -5290 3374 19134
-1870 -1034 16563 10377
-16152 -4782 4451 11927
-11048 -5090 12589 13108
-10560 -4314 224 8999
-1274 -13455 19578 833
-5368 -12922 37214 1751
-1231 -4570 4316 5031
-409 -10593 2131 310
-7433 -3733 6638 909
-7508 -26247 10255 14087
-15806 -2242 498 19064
-4016 -9704 36597 2221
-17958 -10662 9070 2076
-14571 -3690 19413 501
-7943 -3827 1069 74
-3272 -735 3954 1288
-11423 -5031 39736 1827
-10609 -1021 8762 4481
-24697 -3546 16817 3936
-29933 -12440 16119 2400
-7233 -5524 9047 21290
-4776 -1089 28066 2687
-17150 -26197 9523 24858
-600 -20466 25128 5750
-14379 -4643 4234 2545
-64603 -3531 8948 19295
-10602 -497 7206 15053
-1584 -5314 30005 7464
-13549 -324 6602 27715
-1270 -3474 1826 1078
-10057 -19647 16964 2238
-7955 -14654 514 26400
-12855 -9055 12137 6995
-19322 -11156 18622 5990
-1446 -34140 4585 26252
-22329 -5152 49229 1285
-6750 -1778 3348 8867
-7629 -3098 13841 3570
-2243 -11921 3355 32163
-2517 -1153 8350 3876
-6586 -1308 17282 37041
-30076 -4182 5146 23422
-1147 -18696 2131 26
-3009 -2138 739 468
-3081 -6578 35064 3939
-12914 -14197 868 10442
-914 -3947 7734 81
-4266 -5370 5847 33524
-5716 -3756 13582 2769
-12522 -1193 5214 5279
-2082 -11573 9710 9348
-6282 -6056 15168 6318
-8037 -18583 1320 10851
-7376 -13285 1151 6627
-819 -1783 1257 9438
-10435 -8342 20142 286
-417 -5820 4301 17081
-10398 -32806 12615 23010
-1234 -23793 30129 14627
-12239 -14932 7520 1214
-6501 -3990 1122 7318
-4932 -4493 10898 32438
-10704 -5501 10145 1859
-2409 -5457 11407 20354
-4989 -9926 11732 5248
-5813 -12680 11962 37697
-15437 -1162 44399 6641
-7946 -453 1465 7144
-58478 -841 4561 2710
-288 -849 21563 9867
-1514 -32013 4175 2237
-21986 -57756 22783 28366
-14700 -6257 7076 10332
-3707 -15522 5570 6828
-581 -189 23242 16118
-15948 -3572 2481 3398
-10650 -4469 4995 6114
-9074 -27904 20777 16355
-4171 -6331 6392 19547
-6911 -2292 22299 909
-1105 -6597 12300 11584
-36549 -5271 11968 24335
-5986 -1002 2390 8894
-4739 -34953 2867 7292
-19849 -5089 439 3182
-11263 -35547 5791 15607
-6497 -11917 30959 3310
-6634 -8260 29360 159
-5605 -19948 965 8001
-26237 -6167 18101 21764
-5632 -4230 5624 1468
-14702 -3463 3854 5184
-24011 -20025 3847 8504
-6943 -10941 15379 7731
-7343 -11277 1965 34482
-28498 -10608 3802 16876
-1585 -26261 5237 43971
-13554 -5965 2162 10320
-2559 -24507 4811 10041
-14594 -39986 11043 18654
-9300 -1756 297 10757
-17433 -4051 47903 8673
-28985 -9224 3315 18289
-20752 -30038 10251 4261
-3799 -3459 31442 7061
-9383 -34483 17180 1459
-12645 -511 21497 1742
-23730 -1617 3939 14151
-7016 -11523 759 25229
-5567 -1825 20572 18310
-14354 -2341 1472 8243
-928 -4709 1890 30207
-9808 -12482 16206 1481
-3533 -62 17620 4213
-9227 -28203 44108 510
-1270 -11915 1921 49501
-1226 -275 7323 10647
-7366 -10168 10206 1494
-14349 -3748 2990 29106
-1127 -7622 29041 3578
-33644 -2604 13839 11055
-1156 -21488 12877 13558
-10061 -8171 767 16352
-13665 -20897 364 12727
-9735 -14521 6466 5356
-2283 -2234 663 26382
-4237 -1807 10723 10933
-5143 -15564 5409 2140
-4438 -18217 18717 5159
-8525 -1062 12050 5878
-5016 -9285 10214 5682
-4226 -5599 5030 14874
-5009 -5909 12657 3643
-8983 -15987 21141 2145
-29572 -9579 5087 19067
-1238 -24838 8542 1560
-4116 -7689 9093 13352
-15022 -19438 26931 17387
-6667 -6438 1429 22787
-22302 -5470 19604 3121
-6310 -7019 5701 6042
-7519 -8238 23783 11760
-1116 -6729 2439 20392
-7592 -21810 7439 3917
-30309 -10311 15366 6439
-6312 -4775 1961 3408
-5300 -21408 16772 12425
-16928 -2025 3510 5186
-14858 -11299 8404 406
-9699 -19472 5609 778
-2902 -1354 3695 13692
-18895 -2032 6765 21705
-14204 -4059 7601 10265
-754 -8231 23414 1410
-15305 -10877 15448 803
-14354 -12322 20623 436
-15010 -773 8383 2166
-942 -81 1863 5612
-9613 -6244 6179 1516
-5607 -18154 8171 12088
-30956 -5658 9389 4094
-7436 -3082 34312 18311
-5676 -5476 19455 3564
-23019 -2189 405 3368
-8912 -21682 8817 14539
-12631 -1593 10625 4935
-9613 -10413 1622 1973
-4269 -17202 21464 3568
-7864 -1993 609 25453
-3271 -1070 1583 4410
-2614 -21036 5723 17607
-9508 -964 4915 7087
-4675 -4589 2076 13267
-7026 -16896 317 7738
-3135 -9640 5364 3598
-898 -3462 5099 2422
-10613 -12608 7608 13098
-15151 -12768 24676 5864
-3829 -44067 12536 524
-15055 -13481 17351 3029
-32782 -12337 2182 17198
-16237 -10627 11379 6745
-9066 -3041 6340 7543
-1113 -40970 3510 5639
-438 -1958 6936 3975
-1458 -2895 3621 10159
-7803 -12379 1412 21881
-11401 -29019 16938 1934
-66104 -4180 59282 1096
-679 -951 22205 7250
-25391 -432 7461 46883
-3055 -6662 16367 31893
-3529 -5918 709 23787
-495 -14622 6196 19368
-14274 -63657 14122 235
-15011 -28130 1329 15852
-615 -8851 15415 18627
-12478 -5858 36760 4983
-2563 -15961 9372 15048
-6470 -4499 10336 2371
-4962 -2312 5211 3121
-4217 -13457 406 1046
-15164 -12428 652 10767
-2848 -3845 14531 32208
-2078 -10029 20029 8492
-17642 -10210 5703 2649
-33851 -3182 2579 7267
-16239 -19698 8295 6954
-5177 -440 6481 16954
-25618 -8782 17638 2034
-1146 -18175 1462 29983
-2019 -878 5455 5833
-23732 -4729 1997 9840
-1181 -1783 3049 1063
-4415 -10178 9482 17020
-7013 -7667 6316 23586
-31680 -4387 797 9648
-4074 -10513 17221 11150
-3831 -2368 1853 2174
-10940 -3369 1265 17398
-12531 -8796 18623 1993
-8459 -3714 9304 11516
-10791 -2941 16830 5077
-31505 -9404 7388 4827
-2255 -6771 9860 11472
-506 -8456 15670 15733
-16526 -9314 9148 30323
-3276 -28108 8445 11569
-10840 -11953 7196 2243
-16878 -53598 5788 514
-7278 -13454 5880 2959
-2104 -5697 19199 10704
-2863 -7600 542 2291
-4936 -3282 20943 3099
-1859 -21262 19157 9422
-11193 -3377 2270 6014
-2480 -11340 2431 7164
-25329 -613 5498 18948
-3774 -4996 1106 22792
-3863 -2653 1223 20043
-5667 -11469 15693 1868
-11331 -3148 5404 19933
-821 -10940 4390 1191
-3088 -5515 2073 17863
-5105 -8497 16768 6292
-16838 -16386 23345 27231
-5907 -5566 18614 5980
-2842 -2241 32108 2578
-15646 -15851 9325 11577
-5301 -4116 21053 10364
-21099 -1503 13474 105
-24761 -9671 36372 6423
-2259 -7693 7808 8687
-928 -30730 322 33905
-9879 -10501 22577 9951
-18364 -5750 4124 15232
-20411 -10452 18495 9432
-17630 -6205 8193 2153
-308 -26204 3911 2657
-2665 -25916 5464 2431
-3952 -2790 24372 956
-9917 -13321 10582 6346
-24825 -12815 37189 12077
-4669 -5383 13769 2604
-8408 -8504 19504 10292
-16664 -2577 754 1058
-1821 -3341 313 21394
-1667 -7221 8187 13223
-1036 -13026 621 3256
-24063 -2377 3152 310
-541 -891 20277 551
-5578 -4602 30053 3817
-20947 -14045 3522 3955
-17184 -12010 383 21265
-22720 -12759 16313 31686
-7192 -4046 6838 18268
-8387 -15996 4847 254
-10053 -6194 2009 4278
-6848 -6426 2275 8795
-5804 -7507 19803 10707
-6537 -403 2876 5439
-3166 -3296 4928 21100
-9123 -285 6211 3052
-8553 -11069 14356 3033
-14092 -29175 1955 19210
-21114 -6292 7875 4131
-325 -10236 5493 4496
-2106 -48694 5033 10662
-20502 -16107 4492 1263
-2836 -3863 7281 27248
-10242 -168 4276 1052
-8147 -23067 9034 411
-961 -2274 15232 17488
-1578 -645 8509 24891
-17817 -23989 1302 100
-4654 -1826 6022 17170
-15776 -19584 12294 159
-8532 -19990 8646 2755
-11938 -2963 14448 5252
-9115 -692 742 8942
-15461 -11853 7465 7167
-4656 -288 2581 2241
-25103 -33584 1568 3238
-15419 -531 3920 1784
-12488 -7105 777 754
-23918 -7495 2991 2555
-6580 -13179 351 2368
-16607 -572 4519 122
-3479 -20348 1471 5845
-7494 -1211 6979 845
-16771 -7610 3624 22337
-2125 -12351 9012 9786
-6327 -838 2197 5776
-8757 -21357 30547 19259
-2593 -12912 418 28887
-6212 -8420 7002 9875
-3212 -9624 7251 6189
-8955 -5426 42278 10153
-10089 -2920 5239 18141
-8984 -11073 11286 3223
-6095 -11393 7449 5005
-2454 -27653 13028 22646
-4848 -748 21650 989
-14695 -1486 18329 7818
-4174 -8163 3454 481
-6436 -1174 15861 2817
-24166 -12081 29137 15758
-1569 -345 3987 1256
-6487 -276 27221 12521
-11306 -4352 51319 939
-7747 -6167 57421 12653
-1363 -6528 351 198
-12552 -207 6148 60693
-9952 -9800 13465 3642
-7948 -3441 5573 2351
-2642 -25776 15894 9917
-360 -5243 1669 5234
-3410 -21894 3768 9610
-12803 -8129 4907 3571
-2593 -3357 10582 58331
-30708 -4938 15665 8799
-10428 -691 8586 42964
-17974 -15385 3413 39573
-1155 -22846 13439 779
-1363 -5248 22505 428
-3228 -3316 453 33056
-9899 -508 22550 1197
-177 -21459 6095 17597
-11156 -6272 25218 5792
-24986 -3061 7869 3148
-7463 -1312 3641 613
-12980 -1072 30656 29978
-1080 -5338 13901 20359
-4743 -3377 6953 6597
-6034 -17611 7932 4095
-5481 -31505 7660 2028
-20679 -479 13865 11928
-7990 -7272 16458 6810
-1793 -11671 27517 10169
-6681 -4481 14764 14656
-5237 -5059 7209 2261
-18292 -8004 579 6741
-9416 -4316 3694 148
-5276 -1603 16068 17168
-3977 -12461 772 7256
-11485 -2343 12349 22530
-1631 -7062 2636 35523
-309 -25420 811 12163
-1448 -9401 469 9392
-14819 -698 21086 13769
-7495 -9157 11260 9736
-14953 -3772 13887 2326
-1109 -3025 1311 10340
-43487 -609 35481 2409
-2486 -3038 11447 10189
-50750 -1978 4473 1526
-27737 -4182 3605 1416
-2770 -4515 632 2558
-9034 -4824 1805 11648
-9838 -3951 4175 5084
-941 -4654 8717 9983
-953 -5626 5355 36412
-4315 -19855 24293 11538
-11351 -1371 3547 19061
-8816 -7135 10794 7271
-4940 -1190 1342 8060
-2853 -2402 2111 781
-14236 -21582 5739 17685
-6366 -18106 18354 17296
-6431 -14346 1454 20662
-238 -10782 7250 28201
-3352 -8717 13318 20022
-1965 -3556 15597 7258
-1240 -4364 2898 5276
-9552 -21290 7644 8006
-5947 -14265 2299 8655
-3625 -37469 1082 40234
-5705 -15299 212 261
-24442 -35588 4720 12985
-6187 -5929 10421 8683
-2656 -7550 2570 3017
-14220 -14179 5789 8961
-23775 -12111 3928 7918
-4389 -4705 14799 4517
-23775 -4987 943 3208
-2121 -42005 3532 68717
-6661 -17824 11042 1303
-1902 -12459 17898 17430
-23384 -2113 23568 9412
-4500 -246 7242 3654
-1976 -17161 9911 23229
-27881 -1681 781 21485
-4205 -5284 2551 2715
-19645 -20576 1298 2941
-2753 -12219 9908 2009
-5141 -10914 6592 11749
-1115 -2007 21998 22948
-6449 -240 6198 18691
-5473 -4657 878 1739
-6337 -14716 1934 8629
-11402 -2125 2698 17990
-14414 -8744 2967 1296
-619 -11197 6241 1164
-17545 -6722 2003 1933
-1166 -13039 12633 658
-732 -19396 46325 9446
-6568 -5860 6303 37806
-1637 -5935 3073 373
-10485 -15894 2669 15314
-14343 -16995 6442 104
-45919 -21570 19651 562
-3270 -3822 1999 24118
-11674 -13010 1290 14108
-2249 -7654 24063 16230
-2219 -5397 35888 2056
-11386 -1522 6368 9594
-1493 -2708 22430 14482
-2428 -3268 1883 369
-2841 -3628 20901 18428
-17645 -2174 13828 2387
-24362 -16581 3582 4617
-2470 -18185 7168 7290
-5022 -9839 4184 1270
-26070 -909 691 8071
-2467 -12702 6470 2865
-8511 -4431 9222 11509
-3596 -7102 243 19123
-6028 -21498 31699 7395
-7282 -27035 3174 14660
-10839 -6721 3956 18552
-8042 -8678 55734 29525
-18119 -22360 7462 4457
-5886 -1808 15791 2327
-51473 -15618 864 13168
-5208 -539 23961 165
-1015 -5234 19733 10153
-7788 -1077 15187 17412
-12409 -4202 7468 9291
-18425 -4165 14936 10795
-15830 -2787 16294 8917
-4582 -2541 839 1047
-5612 -10007 13293 14339
-8280 -15678 3977 3073
-3060 -11660 34463 4065
-5743 -10461 1306 11862
-393 -1587 38182 23066
-272 -3924 20367 1011
-6753 -31458 677 5701
-3361 -19519 2305 1296
-15405 -2271 1638 11513
-12655 -135 11215 5675
-662 -49029 16127 11683
-14006 -6036 3575 4967
-17285 -21772 2250 10616
-12266 -2496 7079 2049
-17288 -4629 6089 14285
-14604 -7593 4195 5768
-20192 -40123 547 12366
-5157 -31154 27677 4601
-4425 -12448 23424 23857
-16918 -2788 292 3835
-5153 -14346 5296 7147
-9027 -14795 30514 1622
-11598 -18944 32658 941
-4453 -4606 20439 35495
-4196 -8060 18873 6520
-1455 -18912 4083 5195
-1784 -10037 1942 1696
-24807 -7093 11584 26847
-18325 -29779 903 960
-275 -3784 13682 246
-9394 -4653 10299 21444
-3442 -68930 8527 25
-18105 -19073 1323 18466
-41920 -33598 6101 20099
-4356 -18439 16324 920
-1490 -2249 3633 14344
-30608 -3891 6532 11029
-24966 -6541 3308 2671
-7107 -9164 33178 15378
-925 -1416 16712 10531
-2621 -18995 39455 34266
-22058 -9183 2932 6002
-4206 -5397 907 3367
-3896 -15314 500 10956
-4994 -13086 6613 17720
-699 -4160 13346 4182
-973 -23062 24735 17765
-9303 -793 2997 9363
-13276 -471 8906 3995
-15992 -2476 38519 13440
-3179 -12583 5681 10577
-18203 -26508 1332 5091
-1305 -1060 571 6007
-10128 -14049 1175 8322
-7301 -12475 957 2690
-5712 -12264 4349 752
-3283 -3740 1277 5442
-7583 -7426 3176 3141
-6599 -3125 5809 25648
-4758 -331 2150 22994
-12316 -15319 3698 1225
-4233 -211 1539 2390
-568 -200 10633 9031
-8066 -67116 6971 656
-4467 -881 6313 2954
-11257 -10155 8946 7987
-40614 -22942 14841 8861
-1246 -7341 18841 803
-9706 -3625 7174 3611
-3381 -11817 26047 31341
-15845 -411 13518 1880
-33606 -7780 333 9766
-25130 -9990 105117 3312
-13937 -20629 22847 126
-1003 -1784 670 20147
-22209 -4221 2218 947
-489 -3090 18941 11222
-38906 -6836 1925 2455
-25920 -12328 7577 11192
-8423 -1992 12813 4419
-5850 -3022 12372 1776
-10564 -293 20268 2430
-23560 -5926 5620 1208
-29551 -7956 6285 5066
-10230 -14548 12509 25467
-3101 -5919 7786 12039
-14701 -8719 9304 5061
-5398 -409 12554 3208
-13626 -7239 7951 4844
-9852 -4269 6586 2596
-623 -9078 8767 6932
-4136 -31043 12550 17382
-1251 -33692 35064 3499
-4628 -6677 7982 8489
-3958 -17254 1132 10699
-19422 -1042 12979 20270
-14860 -4711 15902 11334
-1125 -6330 18229 37914
-2848 -3448 14046 3181
-9059 -8749 43737 8423
-7090 -33882 12826 22250
-18470 -47528 404 6364
-2463 -1391 11138 2998
-7354 -5991 18738 5254
-5744 -919 19212 13211
-8346 -44709 801 9590
-32969 -7451 14506 10596
-6783 -11622 804 3817
-11215 -17116 6315 1750
-2012 -2561 1775 387
-475 -9970 210 7439
-6085 -1150 9949 19939
-12963 -3312 10589 20068
-8801 -6091 28328 10924
-1241 -60 422 25943
-37562 -2568 9650 2865
-5457 -411 3053 6070
-14177 -5725 1476 7148
-15451 -4618 2310 3429
-841 -10236 11177 5723
-37596 -13956 33756 8485
-1836 -4638 15632 12156
-14506 -19405 5006 2051
-18381 -127 18753 672
-2374 -1139 4156 6124
-18120 -4789 11906 29892
-7925 -207 10947 20112
-19282 -10737 4942 14071
-17039 -17011 14869 80092
-5271 -6184 232 4667
-766 -1874 19818 3531
-19710 -12680 8382 1983
-1187 -3160 10988 8755
-1879 -1751 15979 4582
-27229 -7297 1511 3513
-2435 -10719 317 489
-15935 -4641 7730 8552
-2614 -5320 6851 30188
-8467 -1751 1602 5617
-9510 -1397 23443 2467
-3515 -22630 21724 5256
-234 -28914 3403 13145
-1528 -3344 2978 424
-13402 -528 5890 5661
-3416 -33225 2350 2160
-6140 -187 31606 4201
-5013 -1957 5104 5704
-13769 -4268 6642 5767
-7704 -15655 1761 787
-9310 -14790 8335 6741
-711 -6273 16448 4915
-10414 -3973 22647 8270
-8479 -4609 4058 24360
-7939 -16502 17144 3982
-23064 -10988 8784 16967
-10307 -24752 5461 3385
-26543 -4172 7615 7529
-8474 -12895 4467 1802
-2983 -2325 11245 2158
-11105 -9595 2840 15708
-9723 -10129 12664 3956
-7400 -9244 12201 15520
-5705 -2149 1955 3591
-2141 -7563 4807 6124
-1534 -2889 1448 2567
-38002 -2899 2909 5853
-1393 -12207 4606 18770
-6037 -5962 37635 2332
-7203 -1372 13208 2604
-10766 -24776 3115 4115
-30936 -19661 2146 12536
-4756 -42739 1443 13382
-3451 -649 6798 46112
-15056 -9319 4329 19988
-10255 -27542 9567 4416
-4767 -6073 3862 14419
-2187 -20987 8024 16186
-13210 -112 10838 11531
-587 -16378 3714 6311
-3767 -20782 7278 614
-22079 -9054 585 19227
-7162 -26213 4455 9881
-16259 -8610 409 10397
-432 -21356 9045 6203
-21021 -2108 62222 11624
-7371 -12077 9898 10118
-22833 -1865 7387 7674
-10338 -10957 27104 24437
-306 -8905 7664 14162
-3069 -21432 18595 6134
-9479 -27119 6992 6434
-4881 -1352 11791 18430
-19066 -13013 12392 6691
-6772 -13594 19620 16682
-17661 -692 8195 3398
-19179 -28047 15038 15426
-2425 -1318 6402 19719
-5266 -29977 12885 922
-5868 -17209 17624 19382
-9008 -20178 837 127
-14589 -5403 11573 15900
-14900 -1559 18770 17422
-541 -5050 10252 4637
-12464 -29810 5252 24180
-5224 -10025 315 14014
-16887 -4326 55652 2934
-9178 -6459 19805 2104
-13062 -597 30824 13964
-4238 -10436 24545 1275
-12779 -4692 2887 7233
-5129 -5638 726 47460
-37830 -1763 20878 7917
-38006 -2587 4677 8856
-10662 -4053 7650 3335
-12184 -21441 15544 12313
-39412 -3873 15315 68456
-9831 -6120 29696 2092
-14092 -19656 3115 14726
-8490 -5865 14460 6607
-3666 -6263 1587 22493
-186 -4287 8625 1049
-962 -68836 3839 13200
-15453 -353 3029 827
-1529 -4389 2394 5431
-3903 -1603 16336 20691
-14084 -13851 12100 17768
-1651 -24550 9646 12779
-3234 -6658 4257 3090
-3267 -12121 56069 2671
-9844 -1102 4518 5812
-26174 -8575 21560 12039
-642 -3823 3716 16674
-9953 -6691 6469 1759
-19010 -30657 1732 981
-12415 -21974 10274 6214
-29411 -1644 6367 1344
-4260 -1400 1553 28
-25529 -3745 17382 16330
-3228 -28887 12637 6306
-2560 -6252 12638 1864
-10529 -2740 29604 6561
-54435 -6062 11209 1251
-4874 -1351 16563 16310
-897 -9527 15231 4127
-5303 -4165 9781 341
-10514 -222 9855 3482
-9783 -18441 6607 4267
-2050 -92 4212 8509
-11655 -4019 6516 147
-4494 -16493 27065 1382
-6618 -1277 13532 10304
-4322 -4025 8077 2283
