3613
-1078 -482 1459 2007
-4050 -1954 2193 246
-14115 -2207 6332 7597
-17379 -7247 4270 2197
-2621 -9045 12025 16145
-765 -11097 2859 414
-4542 -1505 3386 28171
-786 -7670 2143 1676
-14062 -4986 5102 10565
-15832 -2314 5284 6726
-12765 -3259 1940 6219
-32943 -11287 17297 13698
-9360 -19348 6408 12829
-5405 -20368 1150 12697
-4140 -6030 92 843
-4191 -37587 5914 7186
-5965 -3725 5962 1988
-3476 -3986 14774 6566
-14529 -2203 1855 2526
-11663 -4591 137 5495
-2701 -15212 10653 8566
-7601 -1413 13475 240
-13253 -3368 13651 3779
-4188 -10169 770 13847
-3492 -454 29829 30974
-10649 -6331 13577 30454
-2520 -1350 9347 7481
-43287 -34834 19904 3193
-18865 -12391 5927 18786
-599 -4971 5139 7347
-9911 -2124 1059 15106
-30736 -14888 4075 14943
-6045 -7870 31605 13128
-10711 -18658 10118 11990
-558 -2140 6000 19024
-21657 -9216 2777 3445
-1804 -166 18387 6298
-21035 -2839 6942 6148
-3439 -1770 9721 639
-9455 -1289 24954 2366
-21570 -120 10433 14818
-4373 -32154 1998 10065
-571 -1717 4807 27887
-22680 -3788 4367 4637
-4901 -32492 3796 27690
-40302 -3271 3326 20451
-9872 -8170 4780 33872
-11598 -7015 2770 7327
-16452 -6138 10892 10176
-7204 -397 10326 19084
-5635 -22535 1219 7741
-4173 -114 12217 8218
-8577 -15828 1337 2620
-3162 -3495 4992 3114
-24312 -18972 8731 17963
-20644 -38644 6855 27835
-2617 -4659 2649 1243
-3067 -8756 13040 2102
-5964 -10450 13946 14094
-3146 -28921 9150 12474
-1844 -16990 15305 4358
-17636 -809 21731 1321
-17423 -4102 3085 8877
-24309 -9684 13114 5229
-10177 -2552 3430 3543
-19805 -370 12254 5730
-9276 -11053 2663 9021
-861 -18419 5339 21070
-2214 -14274 10527 2274
-2256 -2896 1667 181
-8130 -16244 3153 1113
-22846 -15073 32141 6749
-17001 -9195 15432 8787
-27007 -1734 8188 3120
-18132 -3566 1731 6046
-16302 -2887 11401 7608
-1106 -3776 5987 548
-5941 -15946 5165 7048
-853 -144 5305 2400
-27227 -930 14260 11368
-1724 -7651 13069 3421
-1379 -17772 16982 13046
-1029 -11357 3672 34697
-2109 -3166 4298 23216
-19288 -1716 9822 7823
-13305 -8529 29187 9024
-1944 -2497 9888 23903
-2825 -6415 25352 15665
-6407 -1824 1462 9845
-32944 -237 2934 10022
-9507 -7593 911 9089
-4277 -2967 3424 13221
-204 -2941 13035 4479
-712 -19954 11888 12551
-5258 -4508 2381 8560
-38304 -29825 3639 12220
-6506 -6791 1469 2576
-39079 -12529 22077 26323
-2167 -4600 1888 4323
-6695 -3357 4606 479
-13135 -4335 48053 1870
-3832 -4637 30798 18705
-11388 -23355 1297 20366
-31870 -22394 1767 3072
-9710 -9016 1100 1061
-2563 -19926 193 39586
-965 -6303 15784 8926
-40558 -8215 42773 2408
-6576 -10062 1705 5241
-10285 -1845 2144 12779
-25158 -3876 4185 1376
-14663 -8218 15500 28608
-3337 -2325 15642 8436
-19685 -1204 1773 2534
-44863 -5813 11097 2041
-27971 -21426 19971 2656
-3400 -2658 20571 5954
-14484 -6647 2881 6688
-4998 -2048 9167 18716
-4111 -878 878 6741
-488 -10099 13448 3553
-782 -18225 16243 4196
-1266 -1602 36404 6381
-15724 -7324 5968 1411
-512 -1476 2919 19576
-5128 -10096 5108 3190
-5376 -10935 15837 8062
-27289 -3327 14850 8514
-13786 -4772 15454 2397
-1685 -4145 5707 5589
-3820 -9441 16432 6882
-357 -33790 13165 33845
-15982 -3674 3114 2966
-3170 -7893 6003 399
-4817 -5704 9851 3455
-30577 -7260 14634 2019
-5830 -12976 8641 530
-1633 -2249 655 13830
-2407 -7280 432 13860
-9184 -2247 7885 8557
-3077 -11749 122 17261
-1363 -29125 47058 18833
-3536 -10222 2908 8164
-13131 -7785 7286 5670
-5758 -2750 3029 1896
-4799 -2993 3010 11186
-20648 -5499 13494 12336
-4382 -883 17188 12547
-406 -4134 7634 14171
-5734 -10386 3556 11684
-3507 -16091 2797 3177
-11240 -9819 2709 470
-3909 -997 3409 9728
-3928 -858 11110 2001
-8098 -74 4298 5371
-4734 -8232 12034 3899
-8737 -5512 1095 15729
-2237 -11999 14880 5381
-6149 -4723 637 12732
-10849 -15666 12020 7575
-8761 -3556 750 5633
-5761 -1418 7216 11432
-24236 -3756 9624 2830
-13485 -6266 15461 5550
-13528 -2448 11650 3683
-210 -2713 7005 16363
-1361 -35495 25119 12356
-20132 -8652 995 16290
-2496 -1319 12369 6542
-27018 -11214 14304 3363
-7099 -1965 21525 29222
-3774 -5800 10758 10937
-196 -45572 4860 7970
-5810 -3148 831 8233
-41526 -2438 19929 5178
-5336 -13412 8470 12123
-2952 -3159 4348 17214
-12396 -21579 33342 24888
-2165 -15921 5678 10108
-4261 -16702 5651 14456
-14374 -5062 2085 11182
-837 -12763 13748 6083
-8831 -13001 1005 4063
-17221 -3018 8745 5836
-12002 -11525 143 1335
-25265 -21467 12843 457
-20342 -1610 2373 4167
-6188 -17763 3843 39030
-1677 -8995 1372 3436
-1440 -8952 1193 1833
-12308 -1449 1911 2371
-7407 -2655 9000 8319
-22774 -297 133 3582
-10464 -8810 4664 4109
-22197 -3966 15510 9738
-10446 -5552 14431 15088
-7204 -208 4785 17595
-7057 -4938 6169 5380
-5015 -930 13563 37307
-4619 -7024 934 3923
-3124 -4878 9259 4900
-6868 -14158 33197 23686
-449 -8168 16803 4811
-17198 -194 4368 20052
-2827 -25719 8995 3680
-24101 -4559 41821 14763
-1159 -19111 367 8398
-2981 -6439 36383 12853
-1607 -4189 9648 21544
-3382 -583 1741 11831
-2157 -3902 1442 5759
-17240 -10797 19539 2590
-6584 -9163 11525 10129
-6866 -9857 791 9237
-1063 -1563 8345 17813
-8667 -166 37727 14398
-1073 -10163 50714 819
-3872 -25341 464 963
-1465 -1072 14013 3985
-3348 -9836 12771 2698
-5875 -5460 8033 1129
-12023 -3361 3107 1709
-155 -791 3408 25453
-8848 -5157 4453 2546
-1803 -299 1723 3845
-10464 -11980 882 10989
-10926 -4972 13248 705
-24421 -22173 4310 15793
-6439 -3779 9735 15048
-14183 -1355 6648 1683
-7683 -4541 5561 28836
-42215 -605 16194 26176
-10762 -3273 187 1735
-1071 -2928 4846 16031
-2047 -8939 37499 18323
-7286 -3319 6867 1089
-8579 -8217 12902 18097
-19925 -1595 7198 1510
-11475 -15395 7306 7113
-24982 -17811 2691 8342
-2741 -25873 15236 6228
-7793 -22892 9103 5204
-8049 -15775 22425 449
-28751 -8415 7448 5440
-6115 -5147 24693 15753
-4358 -14047 2839 2250
-10099 -5188 22542 6304
-38716 -6364 11971 27500
-7220 -1695 1948 1621
-4023 -38250 13029 4393
-17225 -13556 5358 33177
-2961 -11934 1886 10617
-22017 -2822 24298 8649
-1144 -1537 1328 2482
-5125 -4267 9301 566
-3872 -3416 399 24077
-4536 -38138 924 2425
-10966 -146 10734 25718
-9680 -1774 855 868
-8716 -4939 7336 546
-8169 -1507 20320 20675
-7971 -30954 1048 2701
-1033 -9073 464 18260
-1561 -10921 41213 2819
-22407 -801 5621 25153
-2668 -8598 7460 23388
-13526 -5448 9802 892
-4672 -12957 1623 5116
-2630 -13012 994 1027
-2002 -11707 751 4984
-162 -3434 4108 24617
-391 -3647 14594 16542
-11658 -4694 49395 653
-14889 -7657 1298 7570
-17323 -9306 7326 7266
-28393 -5681 3076 2579
-1965 -3378 33725 6624
-29126 -12480 3804 9710
-5848 -8876 10804 848
-11081 -3524 10801 1833
-24968 -6196 17773 7912
-17122 -6710 3780 1317
-3534 -81 3229 9538
-16388 -2698 15230 4116
-6716 -1207 1791 4426
-1191 -120 16418 24660
-10784 -2546 13688 1231
-12439 -7771 2405 24637
-5881 -62 12296 11948
-6210 -36883 23257 9845
-1315 -3832 11269 579
-22831 -8198 8901 2838
-7033 -12414 1925 3789
-23460 -8960 2348 12831
-1370 -7669 9823 8540
-8028 -18131 21092 9280
-18706 -3877 528 2981
-43820 -8086 1109 11592
-6472 -6072 32570 20679
-7150 -25364 14161 22805
-3443 -551 1737 1212
-7314 -14575 1300 12188
-17734 -10800 4891 6902
-5820 -426 7118 4642
-23669 -12443 22461 1331
-18778 -5737 29912 20933
-4569 -4779 23883 33083
-622 -33408 16011 1219
-2902 -5085 22478 23370
-27220 -8664 9041 3091
-19163 -4678 12218 6171
-7696 -20777 13764 3994
-4552 -14253 2009 11584
-2052 -4959 16490 868
-1660 -16030 18839 2233
-8714 -5720 20184 3886
-2166 -11094 74897 1073
-6862 -254 11166 8645
-16106 -1867 20907 4261
-13244 -1797 973 7506
-2879 -36354 1344 2499
-5627 -2456 1572 30714
-12030 -11606 1198 18447
-821 -9309 11931 2922
-12884 -11621 12008 4441
-7683 -19158 29625 401
-8759 -3070 14685 10912
-4470 -8112 8282 16061
-4293 -3419 9805 316
-2624 -2256 2763 3751
-6968 -25344 7220 6135
-6318 -2081 12159 10997
-16804 -5278 6934 39918
-2437 -14286 9331 989
-1071 -40707 5316 4330
-17382 -1702 1817 12582
-4014 -3636 12020 17155
-9526 -24014 3530 12265
-6844 -9590 8187 5015
-3567 -1599 1217 5790
-7800 -25240 7662 3123
-10733 -1472 1232 5292
-1657 -2043 46909 513
-5558 -18349 19228 26472
-1046 -1293 7332 25796
-7974 -18565 4424 16491
-5379 -1690 3240 8989
-3590 -639 10126 993
-2153 -1661 2978 4779
-30346 -1765 5413 420
-8160 -3609 15703 5322
-636 -1042 2582 3388
-10687 -524 492 7851
-21296 -6317 7097 191
-907 -20217 2971 9426
-3962 -992 12634 324
-9068 -8385 3053 7237
-10370 -4082 1064 2684
-4843 -35047 20316 3439
-30957 -5884 11913 6929
-13549 -23777 2499 9701
-12722 -674 26225 3052
-9256 -14813 10918 5615
-27969 -8523 5870 14891
-4651 -8321 7017 2521
-15025 -16740 8366 6382
-10024 -8846 2866 6780
-6955 -4711 2878 7876
-3958 -8757 9014 1475
-14071 -1992 16076 7254
-16814 -4161 15584 10575
-12717 -5306 14915 25928
-6743 -18354 2113 3911
-8425 -13832 16767 15854
-3088 -4017 1844 2239
-30983 -7533 3324 26875
-45050 -9590 14708 12389
-5310 -9746 18326 2890
-8097 -11520 1394 2255
-2920 -3981 14645 13369
-4512 -18665 20822 20965
-20257 -6349 2723 28267
-4249 -10605 7889 2383
-66775 -271 4040 5988
-10706 -4907 2471 3096
-6087 -13041 2255 2350
-2944 -7808 3802 4625
-17252 -659 11106 37147
-19522 -37550 3663 4679
-11173 -9355 19639 15471
-10669 -2780 22100 779
-11132 -2468 775 6927
-889 -896 2374 8280
-12313 -514 6008 996
-6327 -8372 70 28026
-22099 -1018 11230 14448
-20491 -1949 6990 26577
-9745 -45103 2526 3399
-20521 -15246 1674 1653
-6429 -5317 18465 9813
-13067 -8062 13428 5482
-22643 -1275 32547 12036
-13749 -13921 3869 972
-1880 -6563 6867 4173
-8251 -537 31707 3277
-10033 -14224 3658 8623
-7795 -19953 18671 3534
-11187 -3905 20567 44843
-20364 -2343 1495 5467
-9333 -2465 29376 1439
-28150 -4518 8911 3891
-1721 -22115 1579 644
-7837 -30209 1861 34025
-989 -12578 1172 34809
-7309 -9524 18949 587
-47555 -4785 4395 5775
-4600 -20220 6898 17726
-3449 -3412 2608 3897
-4426 -14002 16138 17250
-31370 -10778 25921 2951
-1172 -4934 1683 20902
-5596 -97 16791 6253
-3433 -19378 370 3758
-1220 -7008 8825 11873
-31580 -18894 2435 4445
-23392 -9463 49444 1116
-20118 -33332 28500 4083
-1235 -232 29703 2268
-1983 -14534 4003 18731
-5186 -720 3390 24051
-3789 -13127 13968 3673
-12330 -61 575 10737
-22639 -19643 7081 2343
-7053 -3681 1218 21853
-7078 -5206 13996 10254
-8000 -8650 525 4050
-3977 -408 10074 20065
-4508 -20984 5214 5235
-26560 -3889 1601 4684
-859 -4164 4684 6327
-4953 -423 981 11585
-18678 -5392 44511 1484
-1982 -20021 11635 6106
-491 -10925 15939 26285
-10818 -59 8719 7879
-13661 -12771 2033 538
-25454 -1349 22211 9940
-4738 -7596 11362 192
-8516 -7400 10179 5828
-4474 -3524 4796 34171
-1312 -1796 706 31936
-2992 -2565 5274 34924
-1211 -5730 15768 33462
-8238 -3538 26107 4468
-7791 -23312 1345 3646
-6558 -34344 17309 17564
-10136 -6996 1745 13176
-993 -1479 17742 3044
-10757 -11420 7050 395
-7840 -4682 13073 3773
-27287 -4369 1288 11666
-6491 -1510 6060 8026
-11892 -10128 2194 10534
-10949 -1386 5398 14402
-9199 -45019 22559 9058
-11113 -5600 797 2437
-2958 -4306 9320 1454
-5040 -10125 8771 11953
-13027 -4332 3634 40867
-6664 -4214 20461 9089
-2139 -686 34536 2424
-2723 -3282 10085 26414
-17788 -17400 3737 3434
-7446 -917 4863 10621
-1101 -14578 19361 11958
-12616 -3980 706 2627
-13356 -4470 3329 10074
-4181 -3177 3499 8577
-11456 -8719 11156 3345
-9855 -13834 7322 6876
-10244 -17461 26193 10418
-6216 -4510 12416 745
-5247 -7523 17270 9370
-1930 -7865 9246 11311
-18270 -8334 27659 359
-732 -10234 49789 31552
-1806 -5660 1916 6827
-1450 -17672 10618 569
-10711 -10214 12973 1060
-6183 -10633 6249 10522
-20132 -896 5602 3107
-28958 -3761 236 9836
-4294 -6643 18761 19236
-8582 -24824 1004 24780
-3463 -6585 42027 12962
-14224 -819 8317 11488
-6222 -1811 5015 17382
-1501 -8544 14865 6183
-1631 -17970 11441 13282
-4014 -834 12659 7305
-1977 -113 2384 8746
-2911 -14189 9542 6944
-25264 -15581 4642 5442
-6907 -7474 34457 10619
-1104 -4961 4088 578
-5236 -6983 7103 6090
-24085 -10247 41715 6966
-19211 -4497 9606 20664
-9512 -1886 13817 1266
-9189 -13029 18817 1349
-19138 -34645 1294 21229
-6977 -6890 7138 8730
-8439 -9297 149 7790
-19518 -33437 22468 3574
-6226 -6018 3828 21449
-9841 -29478 2423 4509
-6027 -6145 598 7809
-1325 -11086 3237 8019
-2970 -34817 17347 11071
-25582 -28637 5783 9523
-17014 -1917 10927 34545
-5902 -7687 40694 4821
-1120 -18478 9238 8149
-1192 -15466 28788 7690
-4154 -3666 1326 23330
-2359 -246 21455 850
-3123 -334 3224 9092
-4840 -15063 7065 6144
-1111 -17387 556 8605
-5274 -2950 5082 3052
-25182 -32269 12803 13077
-14003 -10029 845 16090
-14090 -19586 3362 2881
-29892 -23893 7721 4659
-6136 -4850 5566 1572
-20279 -2232 1729 2754
-2814 -6632 8511 10390
-33249 -6446 27311 5185
-3254 -56 7369 21323
-202 -5579 2306 6857
-7978 -11792 6240 2748
-3249 -4579 6806 7982
-375 -1819 1332 9918
-23878 -15545 1998 8937
-305 -11006 201 360
-1649 -28882 33433 3525
-9853 -6311 1966 7336
-13753 -21512 1660 6702
-3993 -5408 11280 2799
-2463 -6682 22395 2094
-9126 -6636 21631 5820
-7214 -555 1101 6481
-4581 -8672 4931 3232
-3824 -2732 1354 3575
-2535 -300 13738 2821
-2737 -4865 5246 2581
-4794 -34714 12674 1168
-1380 -14773 5222 26890
-575 -5653 6344 14612
-31144 -8846 9179 9700
-6778 -12525 7677 9244
-14471 -3709 8885 6328
-3861 -5236 58899 2837
-5167 -4907 748 7780
-4050 -1996 18306 757
-54987 -7074 11697 16277
-3911 -5665 1250 24026
-15438 -18428 15260 15290
-2122 -1060 14436 25499
-3797 -4136 2887 3216
-4132 -4175 5348 10396
-27650 -6245 6172 20348
-5680 -9048 4270 4978
-4741 -8740 4564 8198
-20188 -1529 5053 6418
-9334 -642 6006 5205
-8513 -4657 12982 36239
-9010 -3882 2583 15656
-3289 -10408 3569 4050
-21371 -1542 2585 17461
-17904 -5114 10090 3257
-37449 -3766 9291 3967
-4786 -7214 857 4723
-329 -4515 9563 23543
-3122 -1765 14201 583
-7947 -1756 1452 23172
-21032 -3837 1112 5074
-1353 -3091 12194 14786
-9761 -65367 8469 9872
-6340 -222 6710 373
-5716 -34404 21098 14420
-2198 -10209 9656 18169
-15350 -20761 11317 9551
-21266 -5224 61419 1056
-1152 -748 1483 22830
-1302 -2074 10353 7474
-40212 -3287 15165 31998
-1025 -3043 4570 7355
-5347 -2270 10665 1621
-5792 -8860 6104 15349
-18334 -28396 781 1597
-6190 -9864 1987 2052
-14360 -13881 21976 810
-1759 -6179 20275 10931
-7902 -1495 651 3058
-3638 -21282 6748 1667
-272 -1105 12290 24142
-26376 -29530 6328 13014
-1589 -1834 6948 337
-12740 -13060 4328 1228
-4653 -12140 11724 2913
-6749 -4810 3605 16954
-34590 -650 891 34795
-17089 -27367 19820 14500
-19234 -870 2775 4992
-2438 -14627 8388 10009
-5862 -36069 375 4272
-7839 -1434 6089 14008
-2719 -2218 1222 17986
-20431 -6635 7061 1583
-13534 -1479 6539 1629
-612 -12654 5869 47540
-6935 -3433 19384 58329
-18547 -12133 12929 1553
-2923 -902 10841 7172
-5446 -23299 9957 19244
-846 -2450 15941 1557
-991 -2993 26975 2653
-14393 -9817 1061 5079
-11275 -8405 6235 8361
-29022 -18922 9240 8376
-2289 -5071 123 13056
-21084 -419 5664 8060
-7823 -2828 4572 3372
-4222 -2378 16799 3567
-16141 -5297 5119 28857
-11248 -5334 2950 4989
-7896 -2882 25914 3983
-59993 -7213 3089 6050
-36095 -8016 1526 1022
-12137 -5985 2841 20281
-30996 -5376 17447 15754
-6390 -6276 13179 49442
-707 -2945 12909 10144
-9280 -9482 7401 33562
-5658 -8376 17259 8046
-7264 -4695 1871 3164
-11600 -4671 337 8915
-8624 -652 4552 371
-25835 -584 1839 3959
-7802 -13130 28522 8503
-3276 -26540 38850 2211
-2412 -444 12517 8112
-14837 -20603 524 6553
-20308 -6823 482 1136
-24018 -327 144 533
-6758 -1819 5704 1415
-2466 -2828 789 11048
-12905 -10353 3804 2224
-3295 -12184 1253 10693
-11044 -6316 3799 16579
-7030 -15895 6999 2699
-16919 -4846 1789 1923
-1728 -6671 27748 7635
-10088 -338 15171 16474
-6442 -3947 4180 8480
-1172 -125 17499 103867
-1295 -2741 113 27366
-574 -4295 15633 23812
-7802 -13509 10087 247
-5200 -5184 7909 12359
-3036 -3966 11094 5241
-4058 -6389 7863 9578
-2230 -2649 20853 22498
-13785 -2403 1034 3788
-2635 -2993 5749 17810
-2745 -23568 27792 3741
-39223 -7221 6980 41322
-2576 -22272 19370 11293
-3459 -17843 10932 18141
-15290 -28939 8672 1255
-5743 -2893 1563 16652
-1946 -4321 17669 21537
-11697 -6418 6028 27246
-3074 -11926 13474 2586
-6908 -12072 4466 19819
-10018 -7818 20341 5347
-11223 -1843 456 11225
-35115 -5330 1664 18485
-469 -20811 29942 19599
-13887 -13907 2084 3504
-886 -32612 5231 2846
-13437 -7044 11316 24264
-9855 -2908 714 35240
-11964 -17222 2812 4284
-14545 -2478 27026 6417
-6530 -743 6432 7528
-9883 -5974 13947 1050
-1266 -8466 15020 13146
-3111 -11694 16886 8441
-5785 -940 3416 3912
-7973 -13706 549 3314
-4258 -15097 4646 4734
-8352 -11535 487 20918
-7238 -9581 9268 11847
-14238 -12864 3422 5199
-4802 -630 25586 2905
-28104 -3660 13285 3083
-8656 -7624 5803 2150
-12010 -1116 7515 9722
-3725 -2903 8467 12105
-5536 -17165 4014 25493
-29669 -28208 24263 1765
-11398 -2006 1666 1641
-847 -407 3902 21688
-5010 -24524 11792 26543
-30350 -5422 3506 10865
-22339 -24989 5841 7464
-14217 -17182 31082 17192
-18273 -1326 6561 5566
-9288 -17576 1796 16622
-18587 -5126 26432 30629
-1567 -5812 5830 3754
-3118 -22638 2662 1638
-4218 -7924 8909 361
-456 -24715 17531 24108
-8616 -8943 1348 1340
-8976 -5842 19251 7258
-2155 -4155 2085 19187
-8516 -11309 10125 12087
-3950 -991 18582 1079
-14491 -2614 4189 14379
-20258 -2854 13892 6847
-8154 -16073 32683 21912
-24236 -5881 16729 7653
-8518 -4088 4920 1027
-786 -14599 8227 16142
-2261 -4272 376 44210
-17699 -20066 21965 14623
-17186 -29397 22803 4342
-5378 -9702 11131 11835
-1860 -3458 12519 8067
-1079 -633 13885 5945
-4889 -1919 2812 11792
-4916 -2924 2321 23393
-4395 -134 12975 655
-13707 -23694 38006 9736
-17802 -48520 4518 271
-22392 -11481 1168 3464
-3884 -8575 1000 16214
-15233 -10498 7967 2159
-9604 -17055 1550 18006
-3709 -17338 32591 18398
-29198 -17854 6695 14028
-2796 -2154 10106 4804
-5422 -6866 4663 6801
-5870 -2984 3108 17417
-20532 -10469 7824 31011
-1900 -3445 9223 6488
-32168 -5145 8094 12877
-6051 -938 6560 22907
-24820 -3939 8328 33930
-7736 -3201 2671 2530
-1571 -493 3224 4866
-16667 -9714 5904 6613
-36998 -15482 2846 22310
-3051 -17749 3326 591
-22955 -7041 1867 7460
-6877 -32996 8092 32683
-1250 -2509 24620 14363
-15059 -1150 44585 7457
-727 -18835 5173 478
-11601 -8649 7980 7128
-695 -8748 67802 1916
-1902 -3398 612 5316
-8010 -7800 6140 5091
-2912 -11425 5163 10682
-7605 -34541 9623 9631
-30556 -2613 7112 4141
-6152 -9816 11681 9920
-5631 -14537 3384 4892
-12587 -503 9077 31663
-12607 -1607 17235 2122
-7336 -2302 5908 5278
-12579 -55149 3706 32691
-16190 -2934 39274 3836
-5959 -17655 5913 1453
-5276 -11600 2492 1575
-5626 -31459 35691 4264
-25495 -7059 1622 2153
-8270 -9399 45183 12416
-17084 -4005 13950 2855
-2189 -22719 44155 34387
-989 -1890 129 18670
-2461 -3453 2320 12518
-4673 -12686 344 4983
-14874 -711 10718 1286
-1798 -9633 5417 15435
-13920 -5980 13799 11469
-19087 -30348 3799 6501
-7490 -4169 9229 8172
-8244 -10852 5745 3768
-2248 -1307 19715 16077
-3932 -17816 227 5017
-14405 -13788 6304 13481
-3652 -6623 14324 14840
-52848 -12195 16154 8742
-9179 -11269 9651 2946
-868 -21361 10051 11274
-34417 -2139 20976 772
-1230 -15054 21318 6482
-19587 -1372 15347 28524
-22302 -4803 5746 43179
-1142 -7839 1064 2626
-4800 -3043 20021 9146
-8732 -860 12213 7567
-6976 -4229 17953 24963
-12592 -4385 23234 25716
-1644 -837 7984 2017
-1865 -5113 4460 21596
-13289 -195 7286 2509
-769 -1494 7816 19974
-7306 -2187 34321 13559
-4044 -9210 1829 21883
-6244 -18281 2780 7712
-3636 -14580 770 40078
-30025 -2544 4647 1046
-6467 -9431 7824 5243
-6643 -3089 6296 9825
-18837 -1490 11289 10417
-1915 -2985 14348 12044
-21673 -36138 7086 12051
-14095 -15082 1578 10828
-1191 -2932 5449 6925
-40130 -1565 8882 6902
-3137 -4798 3802 18607
-8705 -9580 12307 8237
-7396 -31827 34295 28123
-6362 -33398 4608 3198
-11832 -4346 1327 20401
-8398 -24616 5104 17379
-11513 -17676 5149 3050
-12668 -12927 1193 55467
-981 -9915 337 13669
-2677 -1305 19893 11611
-15476 -12553 1419 15398
-17663 -14073 8581 35339
-583 -2310 7934 6358
-7754 -7442 24935 32340
-15011 -1180 2082 9555
-1959 -15838 1910 8114
-41164 -10140 788 17960
-11272 -1687 5300 15199
-2525 -15168 11788 291
-69415 -2997 27082 19541
-7402 -7342 1166 2636
-8894 -11006 4024 7957
-21878 -9269 12048 2029
-15752 -1442 291 22864
-2035 -16005 8164 819
-3642 -3240 21417 12490
-13713 -11394 16907 6049
-12175 -3508 957 25020
-1570 -22203 757 3635
-835 -15642 17194 1895
-707 -8575 1209 6750
-6566 -21619 12233 3638
-2559 -2636 3975 4661
-18049 -9422 1298 17412
-6214 -1479 5383 17106
-1599 -13058 9138 4870
-10923 -22535 2404 3124
-1285 -766 11081 8737
-11835 -7167 18781 10057
-19988 -27302 8149 5963
-1755 -27258 40105 855
-2854 -32300 3093 3696
-3598 -2490 8891 17812
-14788 -12663 3436 11788
-14659 -20673 11175 6243
-36020 -1938 384 38261
-4506 -12309 17363 9150
-10210 -1247 3363 2789
-6952 -6384 63253 17911
-5242 -5742 2813 2345
-9953 -892 11596 7091
-22743 -20634 8093 8976
-5473 -11465 5311 7085
-17826 -701 1681 1902
-9655 -2842 1407 5149
-9885 -969 14867 3839
-6479 -1956 4924 25476
-9985 -12204 856 3002
-1609 -3021 25591 3201
-8336 -19476 3276 33709
-3398 -2249 6539 7357
-533 -13946 12365 10451
-51103 -1098 24502 3365
-9398 -7688 4874 4838
-13951 -5631 14682 7520
-11773 -2891 1945 1079
-11492 -1566 5849 9221
-5947 -503 129 6171
-12509 -4453 9549 7519
-7112 -8977 512 7915
-2785 -996 5174 1467
-481 -14664 783 1350
-19835 -10111 1255 4529
-2553 -2782 3804 6539
-6938 -3963 10379 11649
-11979 -1832 12650 4164
-6008 -7731 1185 4782
-2880 -4215 1581 2133
-17897 -825 22963 14396
-3278 -5072 12654 12525
-3920 -5059 17746 7087
-4777 -4278 11259 45426
-1732 -6756 26314 3575
-16016 -13116 12020 16769
-26907 -6080 12401 4285
-2182 -13049 3949 11706
-9822 -3534 7997 3362
-15527 -18267 9017 2691
-1685 -4737 16065 14286
-5835 -5821 14620 13094
-485 -8587 9251 2405
-578 -611 8157 2313
-3274 -11656 17478 6145
-4102 -94 1268 15301
-1411 -1178 28010 37684
-6706 -13027 4886 1222
-456 -1872 28408 13591
-6682 -2817 10688 6779
-11163 -25084 8805 4191
-717 -29324 1328 3727
-20104 -9375 10574 13905
-37352 -7831 47348 5478
-36662 -5366 5200 3325
-35002 -22009 362 17746
-12388 -12863 18244 9034
-9145 -4208 8943 15810
-7753 -23963 6117 33820
-45275 -8401 4549 5030
-4685 -4949 360 5634
-5333 -6302 1945 3883
-2049 -8826 5717 9652
-13574 -2087 21779 204
-21830 -3754 38638 6044
-17812 -13123 3636 569
-8040 -13152 2439 10485
-529 -5127 29816 4219
-696 -3911 6168 5411
-11420 -172 853 17986
-2758 -9865 5014 8455
-21391 -419 5482 2741
-793 -1294 4548 20050
-28964 -5894 13948 9894
-267 -5979 1779 355
-9218 -2763 23682 461
-13574 -2855 2204 9449
-23384 -27529 7411 6955
-6604 -1988 18209 5392
-1625 -17165 1690 409
-35696 -13744 4012 41162
-14036 -21428 3526 8314
-539 -19927 8456 19653
-2065 -20206 15502 23147
-669 -1526 41226 3973
-14611 -10304 16675 1063
-5086 -838 132 4027
-2981 -163 8885 207
-11173 -9127 5531 3083
-276 -34533 12202 7422
-10273 -5556 9120 6937
-1585 -9628 39884 7431
-16511 -9783 13180 2324
-2755 -2703 4438 29878
-5479 -13291 18508 18796
-12607 -4288 16811 5475
-1546 -4852 13823 23125
-4726 -1489 19244 21704
-6899 -7611 29269 4426
-9082 -4350 4642 11011
-284 -3980 347 11093
-10922 -2074 86 11587
-2820 -8881 1192 10244
-864 -20915 38155 9082
-2249 -4546 29509 24607
-3636 -5392 30873 6287
-1984 -8384 4007 874
-339 -1118 7845 19761
-9310 -40183 1741 2227
-16507 -5818 10231 1215
-9376 -46181 33207 7997
-7301 -21810 8112 7187
-20726 -22742 102 2811
-8677 -5308 9493 7218
-8835 -2312 9850 14840
-9433 -7844 12310 19292
-1041 -9883 7960 6512
-9242 -13735 3998 14583
-581 -213 1696 1606
-3736 -15899 17000 2701
-70293 -16448 8297 12539
-3015 -15903 20418 8375
-14994 -16858 2235 20547
-20004 -7460 7132 875
-2747 -150 3400 17831
-3591 -2214 25370 17447
-1631 -1541 14540 985
-6871 -1874 6680 19228
-6992 -2286 1717 48982
-10564 -190 3952 6849
-6215 -4213 27896 14972
-813 -876 13184 13479
-343 -2671 2991 7815
-3908 -4156 2351 7340
-1357 -11788 30772 4934
-11219 -17663 6569 8668
-12815 -20930 29053 3422
-5700 -3113 13778 3464
-14475 -17110 3480 25877
-229 -3993 31740 21382
-25406 -2527 8431 28455
-11096 -13831 1035 3524
-13170 -4763 13495 15067
-8792 -3464 4363 9340
-740 -5677 4074 16767
-9405 -17365 4468 21355
-1571 -5886 10913 5798
-20376 -4073 1506 19360
-15346 -22919 4512 6897
-18810 -9143 3508 16513
-7728 -13196 1840 6549
-2513 -2572 15580 1645
-3683 -10022 5430 4826
-6134 -17811 1253 4033
-6626 -895 8591 6018
-8747 -672 10341 5004
-10216 -16143 9171 5239
-11558 -1490 16037 1813
-29976 -12332 1356 10030
-23309 -2955 85 1815
-12251 -6165 8001 596
-10565 -631 11496 26477
-59139 -10502 20504 31823
-1899 -284 2573 14505
-6025 -23823 11657 6289
-4698 -4573 4890 49508
-7403 -35214 2949 3547
-16905 -21079 6986 4390
-815 -17707 2677 253
-1088 -5466 4243 11700
-5004 -6787 448 12659
-12079 -19188 10407 7192
-2831 -22615 30192 1791
-10900 -3228 5329 13123
-6618 -3137 2923 228
-3322 -4606 13992 2640
-10917 -8594 1796 23897
-8152 -8064 6244 222
-5462 -150 15403 4202
-4550 -2126 3405 5964
-18092 -5017 13977 7515
-21800 -204 18602 7861
-5295 -8171 742 11691
-29351 -328 5690 6018
-18650 -5546 464 7725
-317 -16421 3571 4526
-1061 -8374 878 15904
-1069 -23915 13176 2106
-1124 -1912 3598 5220
-3936 -6878 16095 1876
-12068 -2895 642 12299
-2042 -117 3502 9592
-4506 -8549 9538 15145
-49800 -3863 7604 2038
-16412 -630 15574 5533
-4995 -763 1506 21390
-3271 -12559 15332 22835
-27350 -21207 6663 9158
-37814 -5393 8787 295
-23755 -1645 25695 3503
-6076 -14159 809 2903
-3743 -5255 473 2385
-6324 -2998 6560 9478
-8296 -19166 23429 18994
-12010 -10774 1537 9029
-12550 -4672 6332 11419
-6694 -31084 15120 9269
-1252 -46074 3080 28346
-8736 -1372 11295 4363
-4401 -9924 21121 11772
-385 -1938 4490 13405
-259 -20791 5928 13630
-6322 -2252 1054 7728
-211 -2915 29845 1808
-12943 -2021 3376 13960
-7900 -4028 141 1666
-13534 -21696 8996 2157
-578 -32856 12056 14033
-5886 -50 20434 15025
-5334 -19813 6430 18028
-27314 -10232 388 1056
-10944 -3347 1392 24375
-37620 -10486 14322 6390
-15530 -1446 10269 5101
-1579 -2809 17924 5892
-11280 -28572 14866 1124
-15665 -3787 297 10075
-8945 -3003 21896 1446
-8971 -843 7113 2413
-4287 -1915 2951 18443
-18171 -1967 17368 2200
-26500 -8811 25015 2019
-491 -657 19274 12415
-4643 -22145 23817 15096
-5062 -27738 21289 18429
-4465 -877 28025 7850
-3651 -3055 35593 12296
-12443 -42017 1212 11971
-1649 -5192 107 4857
-27439 -1158 26437 20978
-2902 -8005 2743 15338
-489 -9730 9409 59361
-33137 -24122 14583 12985
-4218 -3965 22801 2273
-15164 -58299 3463 1482
-7947 -1919 9216 6571
-11907 -9071 18079 1088
-15907 -2486 48957 7594
-12366 -7265 2880 12723
-17641 -32659 3673 6574
-3695 -31614 2683 44290
-14067 -24936 8280 27505
-11303 -9629 12785 15150
-3880 -2145 30016 2355
-6220 -5570 47864 7393
-8431 -6111 4637 786
-8446 -10665 17522 2516
-9974 -10682 19735 979
-4027 -4616 1981 635
-730 -28125 71989 8621
-5927 -2222 18356 7402
-22916 -15287 49264 2561
-16181 -5839 20105 1698
-8131 -2058 8919 2914
-12065 -2173 21250 6852
-6037 -248 47585 294
-15743 -10544 1961 6932
-2001 -9638 7842 11886
-11290 -3369 10483 10782
-2599 -18379 6780 734
-14745 -5838 9919 11895
-18236 -249 11068 15584
-306 -8142 18540 34333
-394 -17874 1011 2436
-12781 -244 21352 103990
-12723 -32951 17112 4578
-6419 -18150 11218 4404
-5757 -9355 30428 6592
-2499 -8265 1342 3661
-5660 -3845 6910 36983
-603 -3127 11930 5932
-15474 -41460 18945 9288
-2621 -33953 38009 13178
-5984 -10200 22815 33851
-11801 -14304 3630 6886
-44347 -15805 392 10584
-4859 -3429 4498 1085
-2608 -10240 13889 17210
-21861 -8547 2640 3000
-12642 -2981 7260 268
-28789 -5040 10568 2615
-5229 -7274 29621 8483
-18496 -9758 2099 757
-5150 -4344 12882 7376
-1560 -12883 7628 50056
-4108 -2797 3431 1301
-200 -1460 432 718
-7904 -13064 36479 9099
-9936 -665 13887 793
-5538 -4988 7642 4258
-6603 -4123 21073 9727
-3395 -577 9307 2370
-7376 -51166 1619 1282
-26756 -980 9518 6584
-2296 -709 1222 16848
-11620 -10708 2806 25538
-2500 -9491 23057 14644
-3021 -3565 20454 6837
-8560 -1878 76403 17114
-6117 -25315 5222 4090
-7316 -3972 5389 535
-18256 -24497 125 32649
-345 -7502 369 5266
-3259 -13203 1007 1855
-2586 -5764 40503 6163
-5177 -1961 21973 13473
-2969 -9917 2972 25323
-3896 -17949 10801 4709
-5523 -7322 5400 20724
-4688 -41587 7743 1130
-4241 -20053 3868 3020
-3657 -28741 19618 4196
-4671 -18039 1825 8396
-16911 -624 2160 5842
-16074 -2778 11299 23089
-13860 -3871 3751 2136
-1088 -2071 7206 2873
-14611 -10152 314 1085
-3996 -10795 13022 331
-12500 -19816 22823 6076
-1705 -37046 14188 519
-14621 -2119 4665 17498
-13700 -15990 15000 7048
-211 -4309 11285 13370
-3193 -868 21294 10378
-15377 -870 564 4939
-10402 -772 17211 25543
-2880 -5188 3060 2562
-9853 -3416 3778 5866
-472 -4652 3850 6889
-5682 -4021 1172 3219
-3535 -6152 4041 417
-12356 -9218 4665 3440
-1598 -23481 5380 6947
-3337 -6486 334 7003
-5991 -26876 10055 6571
-15437 -7725 6492 16812
-9575 -17411 7001 10499
-15821 -210 19054 15472
-24065 -1962 30025 2842
-3740 -3601 6503 8515
-9003 -19540 1650 1691
-10316 -8847 7103 1593
-51485 -6167 18593 4327
-12816 -9802 28864 4557
-6598 -1470 4777 2648
-12807 -9852 12515 13819
-6987 -5797 10623 1415
-7389 -1235 17230 14569
-17931 -13953 4170 3063
-5228 -18924 33904 19437
-7873 -880 3240 4033
-2171 -1798 2336 9767
-9678 -442 21331 19319
-10220 -3306 8245 515
-10985 -474 3736 11856
-5295 -11904 2626 11773
-281 -11215 2332 14428
-1091 -3042 7690 2141
-805 -4015 10321 5295
-1024 -20559 8077 17115
-20276 -22496 5784 19476
-2634 -7338 13092 4179
-18471 -16242 579 12831
-22348 -10093 597 3921
-48762 -2837 456 8063
-1701 -61099 6337 6493
-837 -44 10142 9904
-404 -30663 11737 4146
-18991 -4130 951 3037
-4919 -31294 3050 15791
-2940 -2597 5673 3955
-8180 -13406 10232 791
-7435 -6520 19288 37698
-3946 -19077 3677 7071
-306 -3308 4320 5160
-12180 -22310 665 254
-37225 -20077 10942 932
-2270 -6541 13038 30750
-8966 -2229 825 16877
-6413 -8689 11314 1965
-25055 -16981 2101 17883
-10410 -7304 4138 3554
-207 -17219 3303 10288
-526 -10437 10587 4402
-2201 -5697 3219 1699
-15582 -35451 5386 1211
-15408 -17657 1879 6871
-2555 -13683 6302 3783
-9957 -7996 12755 23419
-22145 -3127 4464 1280
-33436 -22393 2201 2027
-12581 -389 13969 13164
-5263 -21572 14716 3793
-12886 -2771 3740 6851
-860 -10855 20087 9203
-11296 -2282 5231 4190
-10718 -43680 16247 2056
-5272 -3498 4778 9534
-4381 -1767 5602 352
-12635 -16202 10149 884
-6279 -4733 44869 9603
-3304 -12600 188 11275
-20543 -6289 294 1013
-32344 -6177 2258 2564
-8548 -4386 4186 1807
-16020 -29236 8270 16315
-14340 -3661 12193 61330
-9338 -14466 9354 1160
-20091 -1995 24640 2545
-3674 -6142 35874 5088
-453 -634 1621 6322
-355 -2888 2533 16987
-3939 -22112 7500 7026
-35618 -1142 39807 12908
-2753 -1247 14612 250
-21273 -7167 5420 12436
-4037 -5628 134 3187
-1908 -5535 17077 23343
-6599 -32397 7118 17965
-15694 -6846 18299 1590
-10364 -6204 2241 26827
-7406 -825 20875 1379
-5677 -19168 3052 16038
-9010 -19357 5221 2490
-13213 -13065 19222 9431
-402 -11209 2268 3858
-4335 -159 7029 18049
-16292 -886 9971 3691
-3607 -4936 7120 7256
-38864 -8940 14543 2940
-33710 -4623 15526 6421
-17833 -8122 13889 6298
-4616 -8330 30333 17969
-987 -6687 7666 1142
-11319 -113 592 4686
-9452 -20685 8962 3128
-34569 -12558 3789 10482
-4802 -2139 2899 15582
-19277 -1661 49571 1033
-13612 -2905 19224 4177
-3519 -8859 5632 11177
-7518 -5626 11432 6307
-20890 -5016 9408 22477
-25118 -13689 6174 9398
-14872 -14252 615 5071
-5155 -28746 5972 1292
-18851 -1924 3288 1957
-6756 -18258 872 6251
-1490 -3882 3786 484
-17194 -22093 6005 26652
-7209 -10111 8819 5858
-4147 -7286 6312 2231
-3448 -14864 38285 10423
-5858 -5051 22936 17956
-6871 -248 1793 13182
-9487 -18488 853 3627
-925 -2472 12132 1808
-17106 -22840 14701 2755
-18839 -31426 1565 23008
-9034 -3422 1799 23453
-24074 -471 10686 12436
-13426 -549 884 7077
-18563 -1210 7108 19178
-185 -17333 4594 943
-28786 -20455 739 407
-10035 -57 10152 4552
-37757 -5657 18391 5435
-41084 -15213 5043 1083
-13790 -1967 28108 1955
-3528 -6901 7568 223
-3452 -11413 10224 1556
-2598 -4566 2732 14767
-616 -4570 361 12196
-10251 -14881 2645 22331
-1460 -4031 4024 22752
-3251 -4854 4279 1974
-7640 -7146 6536 2272
-10806 -15727 4226 4852
-20937 -1489 13008 6671
-9429 -19052 1340 12446
-9675 -20475 7056 13983
-3912 -8849 3180 7726
-18694 -5308 15419 11478
-15801 -14543 45831 28012
-4191 -14235 15951 22546
-7400 -7991 33468 25244
-12171 -13151 6331 6106
-11562 -25616 3203 1947
-3982 -2183 36046 2308
-2391 -539 13188 2974
-5227 -7999 5304 1812
-3821 -1864 11163 8277
-2069 -14486 10220 2533
-24930 -3716 2661 5531
-2413 -2449 6797 286
-5376 -6375 64252 6639
-7732 -3446 8248 13466
-771 -2581 22738 12515
-13491 -29555 18628 9612
-21100 -9796 12978 2939
-3183 -2372 42780 347
-8423 -1892 14770 1195
-1371 -2005 7549 10749
-11711 -23000 16407 18793
-13739 -5654 30238 3502
-9573 -8653 6079 3010
-5134 -5544 5888 1810
-1700 -3150 9933 1765
-8610 -251 4601 7351
-5282 -7545 11692 12696
-1347 -33814 16162 18312
-5894 -4354 476 670
-17768 -26552 433 28647
-22498 -28132 14203 3885
-3192 -21438 8028 371
-2048 -2333 9447 13727
-1296 -6355 5942 38086
-609 -1274 11584 5111
-2815 -1350 10008 4567
-12191 -8757 5123 6577
-4279 -7797 2929 1313
-7188 -22911 4236 19241
-16672 -27044 4165 3727
-5437 -4604 5867 5216
-15090 -6095 34854 10167
-15949 -17484 37509 3750
-8379 -15774 3550 4194
-967 -3821 4819 8147
-6442 -14363 307 5343
-752 -21140 11356 16564
-16200 -18517 7275 1467
-8968 -3738 6517 12340
-40755 -2980 11348 36785
-1161 -3782 2125 3820
-499 -7634 114 2696
-7368 -6147 693 21238
-18149 -773 20268 4728
-8125 -18818 3150 12154
-589 -11222 16642 5619
-10746 -1075 2278 3450
-8450 -21676 31346 4224
-1425 -1028 2196 364
-5789 -9588 3491 5207
-14972 -7201 14250 1494
-14217 -1641 8648 11430
-7680 -985 2144 14042
-8420 -5258 15194 3548
-1947 -623 16454 8402
-8248 -1095 3507 7704
-4341 -1265 1253 15009
-6397 -4994 5438 4780
-652 -371 5165 27425
-7303 -3185 33432 13051
-13589 -18045 12840 25476
-10964 -9034 2106 1964
-34695 -12049 1127 6283
-9029 -15785 1769 8717
-7379 -7685 6006 18319
-21289 -8315 16624 2461
-4684 -6704 29631 6755
-1665 -10402 5594 7305
-22434 -4499 3538 7463
-1543 -11298 17973 6388
-1148 -15004 23863 10905
-6880 -15040 861 8291
-28067 -6960 5595 2160
-3210 -20554 15464 6278
-7719 -8561 738 2314
-17536 -61918 19965 3075
-3636 -14088 2710 21321
-39232 -4906 2413 11145
-7812 -1365 1394 9891
-9352 -9558 13875 6341
-11395 -23376 14277 4306
-12983 -20161 3305 6923
-6306 -3279 1173 1745
-8502 -6162 196 6298
-11623 -3900 5423 10603
-22347 -26326 18168 8259
-8139 -3632 39367 2325
-5425 -10778 1635 8680
-3232 -2595 519 15756
-699 -13503 16720 1591
-8139 -4935 1068 4231
-17826 -33582 19903 6385
-9157 -5702 15326 2437
-2551 -994 707 9361
-6730 -5295 3733 4980
-2386 -6901 34372 16961
-2598 -1660 8576 7862
-270 -1218 854 4776
-2272 -8884 15583 11887
-2022 -1311 25100 6266
-2081 -11697 8094 1009
-17768 -12913 13136 12976
-3005 -15494 7068 13481
-291 -19444 761 11110
-3701 -6174 5079 3976
-470 -11239 3906 6970
-26329 -8894 15747 883
-13353 -30950 16927 17846
-20735 -18676 35019 2918
-29205 -18371 28980 14501
-1979 -14874 535 6953
-16178 -1812 1962 1926
-1233 -16532 8733 9247
-6389 -1988 5751 17847
-1512 -2173 10281 5462
-8173 -16459 2235 14097
-13279 -6547 7648 4546
-10525 -16604 9313 3953
-4201 -1491 4057 6121
-11887 -719 5405 1995
-9658 -25059 31659 5365
-19516 -11300 2922 4043
-1706 -18429 14882 6163
-4995 -2059 12699 8187
-387 -37381 41807 4416
-236 -14880 5239 10237
-26293 -9883 10789 7626
-18727 -11161 3062 7275
-4308 -10010 3401 7645
-20523 -1099 23064 24730
-19987 -8160 2940 1048
-7065 -7042 8135 7949
-8371 -6295 29377 13189
-5281 -4978 9346 5757
-1223 -18754 995 3486
-22331 -4410 3741 399
-29205 -16156 1449 38818
-27680 -2744 13986 4999
-1868 -25755 8992 1902
-20784 -832 6675 10543
-4449 -4108 17839 22261
-7700 -15603 12476 35115
-6481 -39601 7859 6909
-1160 -7334 3384 3013
-6780 -1878 15530 4037
-8281 -3781 8334 10993
-4678 -93 12409 548
-2776 -18748 13690 11599
-7931 -28560 4053 9099
-9147 -1288 13747 1888
-18466 -19610 15493 12167
-7145 -4882 17779 8571
-11018 -9418 7392 4755
-5919 -812 9864 1177
-7512 -23058 1507 9873
-25596 -8726 801 15527
-11345 -1435 1924 2336
-18573 -7794 15565 19050
-2871 -12151 1820 28678
-6010 -8449 4963 2426
-12619 -4490 5917 13715
-23977 -6224 17420 12764
-14049 -25412 5546 955
-25516 -4088 2497 33259
-51827 -16948 7406 20518
-3175 -1330 536 12616
-4402 -3833 24110 4994
-4232 -8267 21243 6746
-16169 -28253 8634 14092
-5571 -5987 15213 20900
-10460 -2944 3373 19756
-3774 -11072 9739 3882
-30827 -5042 3321 4590
-21036 -6058 12320 1331
-4289 -5249 17375 9620
-9070 -10497 10517 13058
-361 -4331 1316 4211
-17530 -4212 21142 14466
-1439 -1610 1668 4742
-8887 -10463 5544 4938
-1849 -13978 12168 635
-6108 -516 1562 1103
-3233 -7708 14492 7080
-12004 -6411 8048 2328
-2110 -4785 8583 841
-17079 -2826 16635 5422
-5378 -9468 13258 913
-2992 -10188 2977 2671
-18846 -8773 4132 17721
-1319 -1228 2469 21563
-6182 -2191 11244 9288
-5439 -8181 16366 7698
-1281 -11724 1555 612
-6590 -5521 2380 1771
-22852 -1100 9217 2685
-20087 -620 3927 206
-5263 -8361 2106 9125
-3734 -17633 8577 26605
-2256 -3853 17155 304
-11063 -25401 1697 5884
-22151 -1717 11262 4513
-14382 -30307 13476 4093
-2775 -6958 51665 13043
-14771 -6143 4901 19260
-7130 -1623 2959 1643
-1345 -18835 23741 2786
-13471 -17192 3285 10744
-4112 -2868 14358 5119
-920 -13633 208 6129
-7741 -6900 6052 4726
-9070 -6574 12918 9432
-2732 -4779 20430 1617
-73388 -7370 9103 18008
-8558 -8664 32088 4601
-1012 -4121 2394 8001
-4964 -2697 10083 13638
-3636 -9033 5824 7707
-16338 -351 4092 18434
-13840 -9714 13826 2861
-13294 -5016 13462 10088
-10334 -19532 12174 4415
-6803 -12556 9355 4798
-6615 -22928 16235 15931
-6407 -20081 29147 4070
-7426 -15254 10384 1692
-2088 -3821 22552 2561
-5342 -6324 5540 19914
-28519 -33621 14890 20250
-1406 -9775 14211 8731
-6988 -4598 4382 2731
-2652 -18188 5544 2686
-6477 -20503 41884 27119
-17689 -13851 7898 22716
-10508 -5180 2750 10820
-18448 -602 12660 1750
-1066 -17076 3702 11926
-17478 -2099 7884 30780
-4084 -8712 1215 4958
-3724 -11729 8691 15326
-38940 -6716 10415 9893
-4776 -18044 3648 7870
-12575 -26276 1642 33095
-21686 -5914 5250 25589
-12723 -18349 21254 12041
-4842 -5368 7043 9022
-5480 -2557 8048 8847
-24514 -85 16749 3096
-21452 -7192 44222 20110
-3580 -44120 1765 18672
-12742 -24264 10270 10268
-1211 -16297 5198 436
-4445 -24854 4443 11967
-3803 -21367 1526 11990
-9147 -29725 8587 10692
-8318 -2489 4659 42526
-1743 -7161 15848 12449
-14728 -5184 14746 2072
-23521 -2277 18898 11569
-21646 -3003 4998 1034
-261 -12039 8140 7597
-9284 -2464 10278 3448
-960 -1984 2695 11711
-1401 -24289 1400 12536
-18914 -28334 5763 8390
-7109 -7932 18007 14740
-582 -6550 3106 20129
-640 -4041 16703 10981
-1838 -2741 7824 4113
-16019 -3941 5004 16019
-6848 -7704 14539 655
-31161 -9706 22111 5755
-1519 -271 936 50886
-1011 -33012 3808 5995
-9290 -8938 4385 2235
-13697 -2477 19171 3974
-6486 -26080 3565 8725
-14598 -3888 4850 4819
-18461 -9775 7829 63787
-16440 -5423 19501 3251
-6962 -3494 686 6963
-9692 -837 11111 1724
-18650 -39324 54594 1798
-1492 -4893 45059 20403
-16772 -10594 18179 33157
-2443 -1918 39528 12522
-6827 -10168 9479 8709
-5094 -6736 1278 2710
-441 -12993 1443 25706
-5372 -3560 4156 13662
-20028 -10567 2536 21404
-9316 -8694 3969 19850
-4508 -10954 8886 910
-10300 -5253 295 22160
-33489 -6254 12591 12050
-10339 -4054 2804 7234
-6009 -4314 5333 7139
-290 -7924 15641 11002
-1055 -12353 3771 6176
-14163 -5099 15592 26013
-8009 -20977 8900 30461
-7520 -5490 9179 6226
-6849 -18454 2747 1684
-4449 -12938 10123 506
-5233 -13550 8772 6735
-649 -375 2715 12654
-6198 -18534 3177 2165
-10334 -1211 56405 27496
-529 -7809 54499 5982
-813 -16651 2845 4638
-1783 -5548 1512 1182
-14627 -24243 7332 18037
-3091 -6717 2679 7832
-4662 -4887 37695 1703
-551 -13508 14350 5513
-10808 -21172 12878 1723
-15416 -2894 1741 666
-7969 -5263 3247 3760
-3975 -4057 9031 15582
-1363 -15423 1029 4829
-8110 -6184 3371 6788
-7035 -1376 1687 6884
-7959 -22522 71163 11935
-2347 -12244 2244 2062
-9326 -358 3070 24445
-22055 -9026 17930 1643
-12638 -547 13307 7531
-19754 -18955 7883 15135
-6228 -3914 4212 5422
-768 -19868 9449 27762
-36303 -16629 9009 2108
-5020 -817 3590 13079
-2628 -6784 7504 2421
-8300 -3978 205 7055
-34336 -5278 15438 17712
-11567 -13555 2996 855
-5200 -35153 2632 18796
-10815 -2305 3984 60544
-6646 -724 55594 5516
-4733 -6313 1290 2636
-6835 -14532 8667 19459
-10659 -14897 10164 3901
-2027 -4620 18588 4349
-2919 -8930 15516 26087
-12122 -2748 124 11578
-10197 -15674 14202 2449
-22043 -2760 11184 5394
-3774 -254 2800 8796
-482 -944 3555 5098
-10733 -8673 585 17169
-36694 -3539 1369 4066
-7606 -5366 1431 8254
-3031 -18282 122 41320
-18263 -12819 11253 12475
-1279 -8527 20889 13176
-2249 -6732 45750 8781
-16696 -5832 13533 468
-26239 -5713 2703 27265
-8545 -1091 2840 20542
-16127 -3648 3255 3230
-24887 -13709 4774 9157
-6501 -382 15416 6446
-32817 -15793 4151 33031
-2446 -2383 2742 14116
-1543 -179 1037 20183
-1199 -6966 12989 3281
-2764 -1338 1678 18020
-14511 -8642 2546 15016
-25744 -8137 4180 12448
-6409 -12464 15137 22243
-284 -5454 18940 2319
-8072 -6248 5522 7980
-5158 -1813 4693 3362
-9502 -6570 20536 12294
-711 -9958 7101 417
-12347 -7887 11078 8466
-48270 -18249 3980 8978
-6674 -1564 982 497
-210 -33221 6036 11473
-4468 -1386 13846 6297
-7564 -15788 609 1327
-4043 -3670 4078 6692
-1174 -20904 10516 9940
-1593 -8229 7507 7411
-1681 -937 8785 10026
-1462 -10379 4844 12542
-8912 -9183 2887 3986
-1502 -5674 7112 8521
-9715 -2364 1644 12448
-19784 -3885 6891 17199
-50035 -3917 9421 16654
-16010 -7443 1517 43727
-20172 -828 7118 2014
-14397 -10759 485 4933
-28185 -25523 33765 1805
-3442 -73 283 47692
-260 -3476 2404 6964
-1601 -675 2408 5522
-2543 -20723 16363 4599
-3607 -60883 565 13292
-9480 -4411 12573 4932
-2740 -13146 3466 2506
-686 -6967 21010 2673
-9308 -5348 10497 7493
-16918 -1295 2908 3150
-2967 -31475 2314 7716
-8541 -19183 8857 8780
-4108 -2622 6794 656
-16702 -2655 255 2562
-1663 -3234 6596 436
-9379 -2710 55501 6356
-4140 -4923 7541 9382
-9954 -14583 7202 2154
-3301 -15756 12478 2966
-28793 -1042 13048 5697
-18978 -41034 80 3098
-8782 -3681 15411 43392
-4520 -1891 6367 11475
-1862 -12769 8279 23939
-13632 -26226 13048 30330
-23635 -2639 8076 3350
-4276 -24533 16828 336
-2040 -12505 5001 257
-3814 -3733 2504 4073
-3404 -6071 18804 17895
-4255 -6504 23094 217
-3839 -3507 949 3108
-5144 -1705 8555 6612
-6343 -8204 4173 6413
-31284 -20680 5697 25038
-796 -4312 15390 850
-8944 -21026 7525 12116
-2214 -2061 8140 2943
-3824 -15570 18878 8763
-1421 -13332 10908 8394
-407 -25824 20200 4191
-35033 -2111 1964 1618
-3588 -1083 742 41882
-939 -19425 1978 44421
-2334 -210 8025 7424
-1353 -7836 8794 434
-24867 -5895 5014 30933
-14450 -17428 517 16607
-6308 -19301 4357 2973
-4075 -2051 6838 2991
-15361 -19374 16449 1492
-5662 -425 14700 3645
-10154 -23477 3554 553
-6305 -14133 8565 9858
-919 -7197 20481 10405
-2451 -13815 5861 598
-945 -7573 12154 2172
-1812 -14291 20912 834
-19981 -22821 11893 9329
-2338 -19250 1104 10441
-14289 -9490 1363 2416
-28258 -4870 853 1588
-13598 -9324 41800 12589
-6851 -28660 2831 10581
-14138 -6985 16373 10248
-17108 -12905 463 5559
-21575 -31760 3770 13959
-25616 -38013 10167 11291
-4740 -7466 13356 33668
-17434 -50416 23374 5325
-4297 -13842 8432 19102
-12350 -5773 796 8036
-6192 -649 3215 14904
-4120 -17735 9590 5129
-13860 -2258 832 19819
-2897 -3928 3447 3400
-1026 -2324 18295 11845
-13576 -6460 111 1233
-4649 -14777 13738 11591
-13696 -409 10127 10579
-450 -2415 8727 10120
-14683 -2289 742 11331
-1768 -6592 2038 2399
-5945 -4094 14328 12613
-9449 -10474 10522 1640
-178 -10983 5107 1818
-1374 -14730 2513 2583
-6430 -10247 16043 11398
-27897 -3031 42726 23106
-10644 -3776 28528 23013
-5682 -11693 9365 6448
-27560 -19733 9121 1062
-7787 -3425 5493 10578
-37769 -5573 4855 5918
-3404 -18404 4928 13122
-10108 -8369 847 8112
-262 -972 670 18193
-1854 -27303 101 2838
-10409 -771 15445 7522
-3683 -16478 1063 7884
-20163 -149 9724 11524
-1269 -15937 7765 494
-6337 -1054 17676 17497
-6142 -17468 527 13584
-2277 -1206 3643 1130
-9573 -17778 1517 7586
-12955 -9034 9581 3888
-27769 -8142 21002 29050
-6042 -7682 10569 11099
-15076 -9016 11319 8080
-4817 -3697 8841 12371
-25490 -4407 14383 11324
-8507 -9799 24879 17439
-18405 -4208 19243 19113
-17144 -8892 6885 8481
-22052 -10330 13709 2744
-3911 -21818 7425 8803
-10282 -3395 1305 3563
-2633 -244 35360 14242
-12276 -2789 39422 2721
-7718 -27617 20928 13599
-8789 -9576 1324 3367
-4375 -15957 5448 9996
-21203 -3326 1396 8115
-15168 -4549 14628 4076
-1916 -12050 942 3793
-11876 -2554 2772 2242
-6300 -7874 14397 15321
-16910 -8072 420 1271
-13554 -3885 3264 21456
-13573 -15071 915 3508
-12948 -7080 65030 22163
-174 -12922 17749 39616
-6481 -6488 6074 3175
-385 -1891 6336 1816
-7813 -2377 17150 10829
-34373 -7847 17113 1050
-505 -3402 12156 4999
-7981 -5003 3744 3199
-8921 -61 17037 19884
-18879 -1047 8334 3765
-11051 -57223 3738 10595
-13602 -3241 10908 1037
-2026 -16952 23035 1827
-1857 -41432 1092 6281
-19965 -6492 341 642
-32735 -15367 6649 14987
-4879 -1752 12708 42727
-7685 -5345 11800 670
-18606 -9413 11103 30028
-4893 -3484 9960 4061
-9974 -1701 4355 28941
-28438 -13810 1356 20687
-7303 -3709 1608 2477
-9561 -2438 12442 14623
-2553 -5655 2946 3373
-1428 -15973 1090 12733
-18514 -17506 2383 1041
-2226 -10103 19580 7958
-12836 -8025 5525 3850
-8374 -775 8303 16140
-9093 -3399 28670 646
-23055 -37336 21013 13237
-4923 -4212 15908 2675
-14181 -2486 1670 16207
-3545 -4631 34737 27458
-527 -8391 1053 2680
-6243 -11964 43962 10888
-21554 -8054 1742 753
-18554 -850 7438 37438
-1310 -16702 1702 11511
-11764 -8552 798 22139
-8831 -2221 6852 5422
-2738 -5180 5408 5480
-28764 -29226 27751 6663
-1207 -3628 4058 38283
-12960 -4441 343 2502
-7360 -243 4799 3308
-11775 -13002 14858 10792
-1046 -7404 27216 2043
-7176 -14104 15412 26676
-2359 -11753 4699 12901
-14606 -1476 17244 6162
-2795 -15304 2905 31028
-624 -12023 8701 352
-11244 -20790 1617 1349
-11045 -4530 1902 6247
-3173 -2439 800 3516
-22932 -16101 7052 4082
-17458 -805 3964 4170
-1758 -2016 27154 24472
-9788 -35490 562 15093
-16524 -246 39340 3965
-7490 -9138 9814 6099
-10351 -13841 4407 3353
-2259 -4708 14349 22429
-4360 -5576 2417 11519
-12784 -5350 8488 2447
-32580 -1386 38234 6035
-22145 -1662 21283 319
-1191 -2343 7007 23750
-64476 -2985 21081 8219
-3783 -258 2560 40725
-13957 -5111 3245 5128
-3091 -279 29613 44232
-19467 -3473 2907 1467
-8616 -3464 16925 5382
-12276 -10834 11874 957
-12335 -1959 1469 1439
-2190 -20316 11243 13073
-2287 -2067 405 1407
-4680 -14275 4577 41131
-4267 -6292 4391 4403
-3255 -4848 46568 5337
-52801 -23043 2624 23798
-1320 -3188 3112 3486
-1705 -12514 24228 8417
-318 -1091 5458 7549
-3469 -8505 1246 31412
-1108 -1962 1735 23850
-5600 -2885 391 15617
-4346 -762 7946 719
-2530 -2464 599 14183
-559 -739 45489 2329
-870 -4588 2311 7333
-436 -7102 8740 48620
-2702 -72 18615 2202
-6253 -1087 34649 10160
-41590 -598 5643 13008
-20543 -7323 9287 5371
-18963 -3675 16110 19161
-19502 -5355 5329 11135
-7021 -7968 12634 4665
-22455 -1202 1520 5873
-19370 -109 10540 3487
-23407 -23669 4527 12996
-4050 -14531 6002 23146
-17296 -29062 17225 2309
-17539 -25987 9410 9493
-4667 -765 8360 2135
-5434 -8414 4120 7690
-17375 -2856 7160 6505
-1117 -24971 421 15469
-4275 -790 516 1970
-641 -4601 2024 12129
-4762 -2704 2445 22227
-3991 -4721 28640 34243
-3990 -8899 120 1494
-19137 -7670 17342 32785
-3999 -2176 4471 8236
-22810 -5552 7831 24846
-7822 -25576 19546 8335
-5985 -57 8383 8347
-3287 -15527 20645 8265
-14388 -17298 28361 6485
-8111 -984 4163 11487
-472 -1080 3603 15741
-5266 -3040 29940 605
-16672 -7652 1080 6907
-2853 -2282 11854 2762
-952 -18783 10064 1385
-1411 -7665 5073 4796
-2889 -1642 36821 16224
-6592 -30815 12473 2364
-7421 -6356 10034 1379
-29003 -15153 650 24619
-11197 -4106 7514 6539
-16369 -10290 15421 31929
-10549 -16038 13328 7465
-32916 -10830 8041 9449
-4764 -30107 8542 7145
-2640 -3971 15024 8754
-1148 -657 3245 2808
-16303 -1290 16468 4469
-5449 -28513 24541 2731
-810 -10347 6992 1235
-21995 -6082 563 1475
-16826 -12964 6655 1917
-14982 -3824 2749 4939
-21300 -20517 19322 8471
-3159 -5231 19487 1600
-16891 -4535 3142 8647
-8715 -3985 6766 11264
-5491 -6371 8619 28307
-11522 -28496 7749 30299
-13602 -4890 2778 346
-21234 -1938 39629 5353
-1668 -4837 32589 27720
-42038 -10533 2054 7614
-11063 -5600 13716 6925
-891 -51247 4197 3049
-3940 -5412 9262 11064
-14761 -1378 13037 8238
-10698 -19355 16768 4104
-12275 -11768 5252 11885
-11346 -10479 5831 40788
-23905 -8000 15193 1428
-1875 -4204 5471 2600
-4444 -8037 1511 706
-8361 -21892 14079 1447
-2959 -14655 1640 13012
-3302 -20222 2429 7380
-660 -392 4062 20183
-397 -53876 524 2398
-4995 -1672 370 8651
-3607 -3352 1745 13451
-24155 -9142 14473 12498
-11526 -16476 6017 40108
-3636 -10917 11572 3808
-7910 -1590 2988 2535
-14394 -14092 297 8251
-1466 -4094 2530 6772
-21993 -2144 11909 6607
-3793 -5427 3064 2811
-47451 -9299 3975 2334
-4887 -9721 17063 17768
-13387 -1560 44495 5203
-27075 -2471 5179 4806
-5395 -409 6351 15707
-6794 -5960 11108 16868
-2593 -27256 9629 23907
-71534 -10677 13047 24710
-27218 -23022 1192 15756
-10676 -646 1313 14395
-728 -30484 3084 7618
-2145 -1721 2056 4830
-2542 -2704 6603 38740
-6788 -7890 15452 4014
-3986 -864 15574 744
-3768 -7263 2545 1276
-905 -12387 13639 13920
-5087 -3032 2823 6437
-1767 -11814 21922 6556
-5048 -10096 3388 16430
-19457 -29844 17053 21563
-5302 -19081 5307 10015
-20457 -15809 21860 14544
-18567 -1494 1409 2564
-2011 -1230 2797 3463
-3810 -9448 4892 57423
-28294 -3226 6797 4030
-6057 -8986 7095 1910
-23799 -4502 3799 1476
-13321 -4607 16527 18230
-191 -10250 1637 33605
-679 -668 22106 1246
-35884 -5124 19952 5939
-1423 -13877 3319 5012
-55140 -14023 526 25989
-2145 -6972 3737 7285
-23808 -5055 9946 31955
-6273 -16493 14652 692
-14662 -8280 2500 4050
-4580 -13142 17547 15084
-13939 -21853 25855 245
-5146 -5662 8111 22640
-7485 -2701 5335 24418
-11634 -5244 5828 12429
-845 -8959 2064 2867
-11116 -3793 1222 7630
-26706 -27006 778 3642
-3755 -3496 6873 459
-19571 -5510 26325 10344
-4848 -1140 210 21727
-14405 -8484 8796 4378
-8744 -5627 8407 6394
-32229 -451 13337 39083
-15894 -3642 11887 22343
-11821 -29345 4278 9448
-3135 -2830 5173 12283
-15744 -5397 12363 3497
-25909 -5489 6308 5003
-10004 -1302 3459 9260
-1623 -10576 3734 10788
-6824 -516 17821 242
-637 -9062 8854 3111
-3206 -4821 9179 10938
-38068 -3582 16268 29500
-24746 -1073 18079 6817
-3389 -31262 7747 4589
-14759 -565 37515 14368
-3536 -5040 10150 334
-2977 -2084 653 7596
-7211 -85 30593 12556
-21669 -5965 19511 6743
-20797 -7007 5776 319
-8692 -19977 8670 2429
-6402 -16144 5809 975
-4026 -12514 3600 8648
-30413 -931 15881 1366
-31336 -20847 6198 924
-9586 -5732 7263 17299
-1359 -10809 20505 6613
-4368 -26449 3183 3784
-11774 -14376 13159 12567
-31410 -4082 6595 6038
-1453 -1245 7874 1663
-4588 -5540 1690 19752
-12420 -16045 1695 9198
-16275 -4441 4431 3408
-4906 -52349 11490 5569
-10159 -13771 39015 2594
-10233 -3203 14545 8508
-1601 -18371 21115 304
-8949 -857 14487 1979
-3683 -8416 4739 54139
-6648 -4728 4152 17241
-8100 -13047 3077 1207
-6318 -627 6976 5331
-3382 -1944 1172 33945
-1965 -2637 7953 20005
-4284 -5304 9635 378
-6768 -1961 1122 497
-2480 -21168 8203 426
-26561 -5281 17049 7692
-28270 -7394 19781 20024
-7264 -31513 6237 33119
-5672 -2827 5506 11230
-3767 -2510 23872 4923
-13686 -172 4630 1562
-6998 -3476 18216 2491
-4517 -2272 13746 12571
-10112 -8907 18572 9066
-7628 -565 20406 1226
-14321 -14274 76252 18804
-330 -4542 18550 673
-9662 -749 33748 8622
-1210 -9120 597 5930
-3826 -16093 18887 4766
-17627 -12299 14894 24743
-20258 -25840 4940 1211
-6622 -8955 8221 3311
-33705 -6835 10988 11175
-14360 -5149 35516 3192
-21361 -9806 3578 2057
-10197 -22188 13573 7985
-955 -315 11668 9906
-688 -8629 7223 8329
-27084 -5797 4675 3151
-14359 -3861 10217 12853
-30081 -13832 3037 22161
-456 -10347 4544 23095
-13301 -5891 2973 26048
-48842 -3138 13454 1056
-1193 -3113 5384 18374
-17842 -5132 6326 323
-967 -7880 342 30047
-558 -9024 18384 4857
-6728 -6343 7973 15590
-6179 -2693 788 18288
-5829 -27148 9086 7997
-576 -4627 17175 1041
-15393 -2506 5694 5433
-16186 -13943 456 6432
-6710 -14464 3935 2294
-7401 -884 4818 823
-6115 -275 22114 10478
-33003 -3477 1669 14562
-8947 -19272 8286 13785
-1824 -15088 4754 3973
-5598 -12940 30583 4136
-12928 -4510 17732 7881
-35403 -8147 6811 3823
-2220 -3218 13930 4033
-6522 -17921 418 3147
-13292 -4094 6498 1791
-4405 -1608 3260 2164
-5390 -11143 5053 919
-16789 -11775 8031 6358
-11176 -4922 31766 3565
-20380 -9264 1306 5108
-1676 -7225 6176 9089
-24280 -975 9050 4601
-5566 -24020 826 16799
-13331 -11082 7525 9241
-13542 -20445 17913 6815
-1547 -917 13327 2317
-1753 -6508 11020 10067
-9045 -4556 2111 14960
-32670 -1540 3845 12738
-936 -5989 6720 12955
-40665 -14239 1745 7406
-21040 -2958 12889 5077
-16794 -6591 10142 807
-423 -771 8593 6630
-7096 -909 16139 5543
-2099 -16942 19514 5489
-12622 -8861 13785 17905
-18258 -4178 816 4096
-1687 -459 3141 8246
-3166 -2898 10776 8051
-5179 -897 29414 13045
-871 -18794 4635 2269
-8844 -2684 2204 10947
-7463 -6327 3254 8111
-3471 -3332 84 7290
-1360 -17273 7135 5165
-19026 -16733 16451 4066
-3598 -18085 12598 7751
-1101 -22722 942 3506
-1025 -65615 26042 3807
-2559 -5593 27639 4338
-710 -10330 4585 10487
-6400 -1747 253 20924
-3076 -15788 24123 2174
-7491 -790 147 1111
-3944 -4419 13394 4521
-10571 -20110 4515 842
-8460 -32056 40819 14481
-12015 -430 21194 3683
-1123 -1815 7240 19842
-22494 -7751 2800 645
-14436 -3224 7030 10029
-42414 -10611 10327 5275
-14031 -23575 5515 25475
-9730 -12992 5711 1049
-10664 -27452 13927 1673
-1877 -1660 18586 1147
-1435 -5639 6304 2430
-815 -10394 3147 376
-4771 -4809 27115 11112
-1218 -3169 1561 19544
-1541 -2774 9515 11507
-7235 -679 17272 3258
-17385 -13186 19615 11395
-35485 -6189 4807 6782
-6622 -7284 10507 12267
-7328 -19817 18555 8162
-10816 -25372 1152 3819
-5040 -13936 1193 3455
-769 -13585 18065 6702
-4524 -68 630 2893
-2170 -14734 4953 1215
-5810 -6319 4533 1352
-10626 -4614 2093 18239
-9468 -6304 8519 9677
-557 -1543 3270 5774
-6360 -12478 3415 42908
-392 -9193 42927 3211
-18524 -512 31546 3466
-6860 -5088 9230 9204
-17509 -658 23221 1210
-8334 -2311 2349 13634
-7811 -14361 130 12000
-1461 -20717 23518 376
-17610 -13400 25069 4757
-5030 -789 2698 15047
-430 -616 2325 6056
-5977 -432 8179 20766
-6531 -15225 3933 1371
-4562 -20448 2854 8561
-3476 -1315 13774 3472
-4441 -1279 2320 12810
-9781 -21986 11079 5295
-34543 -16583 16588 2624
-5060 -15117 601 12705
-11408 -5404 15695 12014
-24768 -25343 3883 9876
-13781 -21782 3649 4758
-5979 -14716 3905 20773
-956 -1596 5486 22356
-5831 -10813 1393 5756
-12527 -8768 9978 5359
-13465 -15037 649 4067
-23158 -12449 1532 13304
-18615 -39038 2252 7505
-965 -7365 16003 18309
-7355 -5713 17948 2731
-8443 -4633 2895 8408
-27138 -945 3824 9182
-15987 -218 2609 8118
-6085 -18156 1661 7131
-5328 -14567 9381 11072
-7492 -25952 1296 12793
-2146 -16156 3115 23483
-3888 -4274 13344 3627
-1351 -274 4374 16241
-14925 -1056 7571 909
-4809 -2179 4597 21900
-3879 -10226 8337 11890
-2544 -5441 16021 2175
-14622 -6556 1563 9737
-52229 -1014 17359 614
-4908 -3675 13272 2807
-15852 -667 23339 4126
-2815 -43772 14896 15678
-11602 -4807 2887 2171
-2273 -8334 3268 8963
-10607 -3921 14311 10932
-2124 -2105 20608 5445
-6163 -25352 514 48869
-19754 -1806 528 12877
-3866 -12010 16134 4573
-16292 -18792 11498 22180
-3242 -9444 16666 12858
-2110 -6812 4339 3037
-38295 -20014 8987 60077
-1442 -3605 2815 5165
-17581 -35985 301 3374
-13355 -1524 1850 20097
-6141 -7227 5278 8898
-8384 -1724 3868 5207
-24159 -1609 4802 13374
-5898 -2044 2339 10508
-923 -266 3099 7495
-8966 -25646 9746 24388
-35263 -26019 160 27328
-14469 -6690 1694 246
-5658 -22405 7866 2435
-12192 -1822 8939 29055
-26752 -7013 5100 6294
-239 -7181 11833 4786
-700 -20398 10273 12760
-12347 -3801 9362 4562
-7937 -1419 23632 2477
-7335 -9216 6846 31761
-7849 -10864 15121 14413
-15316 -15418 10406 14838
-12140 -7283 2687 26277
-196 -18054 396 875
-7882 -4743 14711 9169
-1875 -5926 16547 27516
-160 -11384 11274 2445
-2604 -12399 6677 7573
-14236 -27615 13052 2023
-5973 -4682 13763 13557
-6482 -40928 6562 9387
-22682 -24626 505 3092
-6452 -1700 10673 11121
-21488 -1338 9282 7340
-15541 -11200 3187 11560
-16521 -1046 4167 10981
-16038 -4404 18700 1611
-301 -17862 655 12873
-20147 -9703 4231 5726
-391 -2054 953 2126
-9804 -10424 7703 22463
-3410 -4698 11092 1221
-6042 -2104 3338 27392
-4699 -6545 655 2776
-3448 -7536 2804 894
-3709 -7592 6805 6730
-8509 -10338 7253 5865
-18115 -653 575 11145
-8039 -7477 11579 16888
-2908 -13371 1335 6209
-15057 -31942 8713 2845
-4761 -42874 6162 7436
-3988 -32645 45290 24664
-7851 -11440 7222 7310
-1856 -14485 332 219
-20560 -12183 8910 18372
-21329 -8522 14890 17535
-3867 -7003 1753 5689
-4026 -4065 35442 12118
-4120 -1559 10655 1628
-13317 -4198 7827 1461
-28912 -33763 10263 9037
-745 -3289 3637 17701
-4903 -6878 14324 6432
-15658 -9508 2068 14934
-2125 -16310 17464 35465
-34584 -11950 4594 564
-5598 -3358 269 24543
-17483 -6485 24988 2018
-7771 -4290 13171 1451
-28430 -1404 6584 10323
-1047 -5508 4390 8864
-21706 -13651 30129 5190
-10878 -7186 13765 4925
-4035 -9559 6122 5008
-50505 -5387 19375 6292
-7600 -437 4907 2445
-7836 -12170 2356 16805
-1971 -1035 15580 3672
-11617 -4415 10758 721
-6224 -1057 15311 51728
-1486 -5796 266 28745
-1236 -1774 4656 24075
-11303 -11264 3481 3081
-14021 -13192 11650 23608
-5826 -9731 7399 4910
-12079 -19222 19880 1503
-10860 -19504 1116 12288
-2046 -19623 14855 14562
-2377 -4390 3602 10993
-8148 -193 11846 26666
-3339 -4357 4808 714
-17797 -17961 901 770
-11708 -30043 19869 3953
-9638 -687 35736 9311
-16671 -9350 7546 23710
-13093 -656 4203 1065
-2040 -2653 3988 3727
-11255 -459 5771 16832
-4456 -9359 3952 22694
-11134 -6895 6408 4979
-15055 -4502 18699 27431
-6175 -7313 4026 37200
-4631 -416 10243 9709
-1114 -552 2901 4308
-6435 -4366 2899 825
-19793 -8499 14862 38044
-5533 -3721 4253 2082
-1619 -6048 2272 29477
-2026 -17034 2485 30457
-10440 -15671 6973 1666
-7853 -81 5752 20791
-3413 -3394 1497 5556
-25939 -10430 8797 13503
-2309 -2862 1389 7973
-32847 -4128 1692 45746
-12018 -7041 3748 13201
-15669 -1565 18556 24522
-2388 -301 9237 10034
-10917 -7539 8333 3216
-13350 -12293 23003 16975
-11860 -7928 2721 3399
-14043 -74 870 3781
-29507 -8416 2177 21856
-1742 -13904 16622 10087
-13068 -17678 2064 31112
-18954 -787 1582 3240
-2565 -224 509 656
-22485 -12752 1786 14309
-21914 -14737 1392 2001
-1306 -17267 526 5371
-212 -4604 39953 16022
-8633 -9255 5397 10870
-4491 -9665 4082 18839
-38387 -22471 1317 1581
-2533 -17045 246 28492
-3950 -16955 50499 8543
-5817 -2955 3315 2266
-8259 -2506 26891 12955
-8684 -17083 5347 2592
-2863 -757 6734 36040
-46982 -10193 30535 216
-15067 -12585 13189 16713
-25497 -19049 5056 713
-21995 -474 3435 16599
-31020 -372 570 17172
-11680 -7049 21908 1785
-11581 -3212 17259 511
-6855 -27187 4250 10320
-26503 -3531 2972 30965
-20848 -2220 1832 282
-2424 -3414 6694 6439
-15432 -6277 312 1411
-15528 -3333 4660 4190
-9111 -2455 7219 23571
-5869 -8388 6321 308
-4990 -1314 5500 18887
-31329 -2471 3440 7362
-6581 -337 3633 4506
-10149 -17356 10372 3065
-8811 -5428 17688 21743
-4861 -22917 12789 4549
-8222 -4632 8528 505
-13662 -4158 5392 1123
-3202 -1957 16737 14716
-5123 -866 32188 11866
-27279 -7437 9888 1658
-3917 -13956 1105 5956
-30600 -10169 5009 1993
-3947 -33801 22751 20245
-8225 -12346 2414 7022
-5021 -37770 9163 4322
-8940 -14226 1982 6375
-20166 -19291 300 9487
-4057 -2150 3710 11318
-6359 -18867 1517 7786
-6433 -10780 12792 16150
-6839 -10802 9309 22827
-1539 -7753 10654 6154
-3578 -1685 16696 2017
-11033 -67397 7432 7892
-3478 -7594 2441 819
-1473 -4897 7100 15893
-2455 -2444 31623 3323
-2443 -3416 5392 35027
-11106 -118 8407 12737
-1863 -813 3683 7803
-542 -3522 58523 21362
-1928 -1083 2959 11833
-2843 -326 3459 3255
-7002 -11395 5325 4991
-8623 -79824 3197 2266
-4835 -8800 494 2437
-18209 -12617 4319 38820
-1117 -4879 5114 20481
-3841 -3332 22182 22411
-857 -7269 2506 19704
-30334 -3195 200 584
-4115 -5618 36301 23318
-9308 -15794 8301 2084
-1676 -18169 2563 17962
-5747 -2968 24597 352
-3590 -1423 17060 5010
-13015 -30531 9293 1483
-3346 -10973 21042 18794
-2480 -1535 13772 43417
-1071 -6034 35753 11555
-7392 -36668 15895 18802
-6526 -3603 15709 1235
-13874 -4019 4689 4271
-18658 -16692 17378 30138
-16045 -20861 10955 19355
-1637 -13872 2276 7259
-9839 -960 7999 3549
-6051 -8915 9154 33299
-7329 -15696 6864 7649
-11775 -9593 9547 276
-12237 -4367 14501 2692
-23152 -2663 23188 2130
-158 -2648 360 1931
-8676 -19007 19711 6532
-1968 -14868 11445 29732
-10575 -3159 23234 2793
-15199 -7875 11262 4130
-931 -8243 9116 6199
-5767 -16105 15497 17577
-3304 -5829 2690 14115
-3644 -28057 12750 681
-24973 -2505 1051 39831
-27665 -8333 7964 29609
-20886 -3538 2456 43431
-4372 -16808 849 390
-2171 -3250 6642 1216
-3038 -9894 5631 7591
-2958 -6320 4513 11539
-16953 -9209 25342 16878
-9974 -7223 1411 15265
-6845 -9457 2086 10797
-6419 -9678 700 5589
-11382 -15744 9802 966
-785 -7669 288 33733
-31056 -24040 66827 6203
-2663 -8015 9563 1062
-1975 -622 4687 39765
-7084 -15342 4171 11053
-362 -5302 13931 2453
-8242 -19906 761 11149
-24802 -356 16153 17011
-7042 -9757 3255 2103
-7083 -2334 5447 1354
-1484 -2500 30492 8418
-22656 -47875 1517 7991
-12535 -49793 2894 1300
-582 -5288 5562 10356
-5743 -7149 3484 4850
-4925 -8857 1878 10064
-18040 -2055 3718 1402
-16161 -5845 12066 28004
-993 -30125 3042 8301
-21234 -10490 18964 16406
-3088 -142 25628 6173
-10336 -5967 25156 2438
-2725 -45457 355 6350
-11621 -5950 15453 16011
-4110 -21722 2180 14758
-10238 -1655 7007 771
-15357 -948 40882 5332
-13522 -5653 4903 12694
-8061 -4119 2575 6666
-4783 -3414 2087 4645
-5290 -4964 3010 16057
-22661 -996 2909 4035
-8784 -5662 29544 16985
-594 -2292 6253 4367
-1133 -5613 9380 2965
-7333 -15750 2437 409
-913 -2336 663 841
-1715 -6390 11925 16930
-2119 -3725 13801 3062
-913 -7401 18224 20473
-6383 -13087 5748 291
-26212 -13042 791 18470
-2146 -2319 3745 6933
-3349 -19083 3828 419
-3227 -9972 5538 12745
-9988 -960 243 39424
-520 -10454 3201 18678
-6485 -20968 2304 13840
-1233 -25700 12273 702
-4341 -229 2092 3937
-272 -9308 6276 1636
-8146 -6103 1354 722
-8600 -5538 22073 5495
-2525 -28496 81 16767
-6541 -5869 13776 5296
-16019 -10170 5467 930
-6508 -22899 21895 15676
-27136 -1592 10971 9022
-391 -15283 6437 40054
-4973 -3088 3589 18566
-4433 -1718 5752 6116
-2726 -12146 3975 9486
-3790 -1184 22916 18842
-11881 -12161 1916 19278
-29114 -11675 8341 561
-6878 -7145 4584 4627
-3283 -21555 9604 10580
-25093 -5507 5918 3378
-5993 -34410 5622 10246
-5532 -815 7914 19836
-11180 -2802 1182 34329
-3336 -29199 22261 12500
-8950 -2808 4127 13603
-6298 -20179 21415 1502
-8686 -12665 667 1978
-997 -3747 9087 5872
-23979 -3438 18267 9868
-1929 -2104 1684 5564
-5841 -16998 1791 10651
-5678 -3160 5067 742
-8913 -8637 217 3025
-10720 -10887 8287 3608
-1831 -1210 4743 2791
-5872 -10858 10287 21326
-716 -2555 8551 4694
-28053 -30601 3323 12480
-3060 -1886 2957 4666
-3569 -21507 9796 4625
-12965 -1619 4417 14472
-538 -3080 1868 18116
-7392 -27739 1011 9722
-220 -740 12332 11554
-1025 -3127 26003 38418
-7253 -1440 4068 9608
-2518 -9833 9379 4311
-1437 -1560 308 11079
-3978 -1517 8669 13920
-10799 -948 4088 521
-24327 -334 954 20508
-2126 -3103 14755 21190
-37450 -2536 23066 13569
-5458 -12309 1410 8243
-5898 -1447 12089 2064
-549 -7783 20010 360
-10288 -20438 1241 2002
-2547 -4194 21194 1514
-8779 -6601 1757 64190
-7489 -3083 4928 520
-10784 -4995 19895 501
-15420 -777 10997 15613
-36441 -13321 7330 10924
-8487 -25549 5250 20848
-17775 -2538 9274 11128
-5138 -9030 10280 3428
-6702 -40059 2659 24984
-3655 -15728 3751 1891
-3632 -670 13612 21504
-13004 -5127 15946 10346
-5004 -98 5751 2431
-6215 -5745 5775 8425
-25240 -3202 1746 23380
-12346 -5455 14291 1864
-3974 -4374 10560 8014
-17980 -458 747 20550
-2196 -14255 5512 3727
-12159 -3446 9728 5023
-4706 -25350 1660 3427
-2620 -8781 2846 11904
-14314 -4961 8807 3692
-598 -1558 14772 11997
-14886 -7159 14274 6307
-34700 -3110 4315 11563
-1015 -2489 10718 5838
-20547 -4013 3389 14036
-16003 -5867 10199 6948
-859 -7292 2327 5527
-6777 -50 115 55089
-1665 -2387 2688 6332
-316 -5499 10608 24509
-10936 -12825 15314 15361
-813 -49 8669 1287
-10669 -3818 4293 3858
-395 -31641 2688 16789
-6669 -34576 13568 1356
-1782 -14038 1018 18572
-15466 -1181 19053 4743
-5873 -547 11115 20085
-16771 -38609 3217 457
-13022 -6957 428 10472
-11621 -9201 14096 22812
-1854 -3654 7738 17570
-21787 -13627 20751 19288
-6956 -14442 3545 2893
-31593 -15813 10507 10653
-3995 -2002 7125 1586
-709 -1864 3507 5199
-14276 -1184 611 11788
-2081 -1435 31522 3085
-2672 -24429 5395 8196
-6506 -18940 21953 16762
-6878 -9079 7508 817
-12397 -15008 7772 18928
-11494 -9695 3651 5975
-2336 -10369 4311 1680
-15043 -8697 11058 16972
-5241 -839 26195 18797
-7537 -4083 17821 5688
-14490 -6746 9245 4747
-6919 -3968 6854 21976
-763 -12460 3769 4928
-22335 -1248 4043 1716
-40302 -26024 6880 10491
-3270 -5348 5587 3494
-2525 -31700 18969 10099
-18310 -2632 26845 61104
-3271 -7286 8005 4587
-5633 -11166 4194 8704
-16647 -211 2650 4454
-5962 -4753 25975 13794
-14147 -5600 17618 888
-2068 -1707 5406 5322
-2945 -49541 2055 1910
-11992 -29690 7391 8076
-5255 -15892 244 693
-25445 -8180 26034 27172
-31695 -21490 4774 4419
-17783 -53476 2088 3024
-14587 -3028 7730 5357
-20489 -10915 34242 13233
-34261 -532 7349 19430
-9820 -1203 6347 12001
-2123 -15477 13173 12623
-5493 -9208 3310 5830
-16575 -22332 2657 9719
-36296 -1690 2811 1178
-490 -2515 2679 5182
-2508 -5911 30214 10874
-6204 -3538 8224 6841
-25051 -2608 11409 3901
-4561 -642 339 60841
-4540 -9419 9530 9950
-3882 -4773 9456 451
-14249 -8740 8104 8076
-16016 -12521 7254 925
-11086 -20007 23120 41528
-13142 -4612 24076 8896
-1069 -5139 23783 3684
-10035 -10482 10558 5288
-3172 -6942 7324 3061
-11806 -5202 9621 3566
-6408 -609 5676 27270
-6337 -1921 598 19208
-3344 -37598 19118 11129
-4098 -3190 7557 2167
-1799 -11931 7278 1390
-25739 -1014 1081 11394
-13113 -13531 47345 4571
-9412 -13928 2154 11704
-12957 -14477 12562 187
-9881 -5333 16596 2028
-2472 -1752 18175 14208
-3194 -23633 20571 4864
-3946 -7871 1035 4437
-13646 -17682 13250 4387
-10236 -7651 20777 1829
-15340 -18119 12593 14526
-32435 -23534 1599 7988
-8002 -5435 4498 7331
-3325 -1586 21668 1931
-4628 -2123 11483 26302
-16761 -1057 593 6886
-7043 -1074 27591 4192
-22022 -737 12328 1442
-11040 -12002 22229 1005
-4832 -12191 4602 921
-34898 -19058 8860 21631
-1277 -6213 17264 30443
-1522 -6661 11419 7335
-368 -16439 14459 472
-3029 -34009 9026 6550
-3527 -12080 124 5015
-13686 -19445 8172 9777
-2843 -26794 4204 45791
-14967 -3472 21900 18755
-7092 -10291 7785 11466
-365 -24642 1512 4351
-14640 -10460 20704 3755
-1338 -31217 25919 2736
-819 -49048 15915 15496
-10808 -9606 23237 1899
-428 -2384 11888 17611
-6804 -8134 2413 7835
-6437 -7892 1121 3400
-4355 -38849 5191 22267
-1737 -4535 13792 12689
-1886 -12237 11975 19594
-5340 -5493 8016 1053
-5818 -13150 814 14409
-20326 -8222 2578 13321
-1468 -1784 9553 5905
-23007 -1164 10871 4936
-6181 -13394 12301 11921
-4134 -9063 15402 17653
-27359 -10754 931 479
-12931 -3932 1575 3004
-30446 -5849 7635 19738
-1748 -7331 8027 4013
-2870 -15121 14420 904
-15644 -16845 13638 6705
-801 -2985 10851 6415
-24148 -6180 8953 5617
-23369 -6504 771 13260
-600 -3972 1108 8572
-1683 -54400 2220 4878
-4544 -2027 9571 776
-2517 -5761 24822 19071
-2211 -3554 1817 5629
-46437 -740 891 9303
-27699 -8796 7407 2757
-3588 -20723 29811 4259
-3647 -17336 8711 3442
-28526 -1961 5020 14754
-4061 -1063 5299 28855
-2641 -869 2542 12849
-2988 -15110 3659 17615
-7436 -3881 17956 806
-6645 -2626 24037 7255
-3048 -17049 6823 12530
-8853 -4396 4037 1901
-2278 -4693 2753 13190
-3397 -9821 10999 533
-1526 -23741 4752 5699
-14764 -4600 1874 5893
-4549 -10035 3334 11843
-12935 -7625 43837 2593
-12479 -8154 7273 1016
-4774 -10633 11933 7063
-4977 -3336 2491 12634
-13677 -2400 261 2644
-33529 -24880 4691 7517
-27266 -7776 5969 13312
-8879 -5896 6503 4498
-9458 -11715 535 429
-15470 -3356 1079 4661
-2550 -13508 383 690
-5165 -14445 5212 1181
-2490 -27969 9233 8535
-817 -15141 21947 1103
-8732 -3578 26258 563
-4266 -3476 21070 4198
-5921 -5320 1042 3122
-3036 -12461 20148 3418
-8317 -2883 11870 6762
-25744 -8839 12825 4337
-837 -6480 5539 7934
-4708 -13073 8466 1518
-2790 -1891 11606 9284
-5431 -296 13948 17071
-4701 -4456 49628 16504
-4199 -3616 25115 17483
-1534 -3156 8275 3115
-14845 -8097 1999 21525
-10399 -6962 5281 13271
-10173 -13213 1385 1280
-1351 -13711 7387 13120
-12210 -13415 13297 5844
-1472 -7210 849 3211
-5473 -2788 8987 6430
-26524 -2372 17765 28688
-3713 -4878 13598 20944
-11196 -9021 22904 4881
-5654 -929 9887 1704
-15484 -1390 503 3328
-1255 -3227 512 26362
-9666 -22679 1165 804
-2480 -68 9863 846
-7763 -6833 7116 8184
-18156 -17236 11927 823
-7814 -786 10362 21890
-1548 -29880 4267 736
-43490 -32091 1042 4747
-650 -8334 290 40268
-1792 -4463 6830 8061
-6244 -20899 12237 7355
-7331 -4200 2064 11986
-7211 -5570 710 9504
-3214 -23991 35601 3531
-11347 -327 4652 1666
-9679 -14724 2831 12168
-21786 -13365 2309 1285
-8455 -71 8938 854
-3279 -5817 1295 12850
-26990 -10366 1122 30759
-17842 -2233 20710 6556
-210 -1083 3176 8925
-35262 -11603 8184 1240
-1262 -2465 17409 1169
-12994 -6884 291 45351
-9042 -10170 888 869
-25460 -1149 15996 975
-18995 -29612 2603 1936
-2601 -13998 31352 13053
-190 -1821 8563 41406
-33060 -5649 11584 25203
-9591 -1236 22858 3319
-9979 -1424 18113 14647
-1393 -564 25964 22269
-7568 -5776 6962 22203
-10364 -7939 15254 11624
-912 -3936 12571 10226
-1494 -3176 10457 9320
-3501 -3413 16220 4185
-2379 -8713 26520 31708
-13952 -6885 3731 3132
-459 -11097 11387 281
-8388 -4472 177 18549
-9893 -6645 237 12495
-18006 -1861 22592 6224
-763 -8053 11957 14185
-5824 -14503 14631 12926
-8907 -5491 2691 21901
-20786 -44323 18400 6115
-9629 -2123 7076 3856
-557 -2215 13278 16378
-2003 -13138 6430 215
-19346 -2171 3853 2641
-17878 -23079 2496 4641
-5671 -1104 11023 1754
-379 -22942 6642 6042
-29118 -897 5323 4887
-6640 -4317 17523 28704
-80939 -13504 18135 2989
-217 -7024 15905 32826
-9277 -14104 3128 3638
-1516 -24752 18338 12051
-16601 -2201 3322 4183
-6412 -4103 4119 25092
-20221 -2691 1333 28490
-5279 -5816 34158 18133
-2111 -6158 5050 5229
-14187 -1732 10281 6835
-34949 -11606 2643 15928
-2492 -1197 5332 16571
-3924 -7581 27206 2296
-10495 -2072 747 43217
-1490 -6782 899 7012
-21394 -29025 10777 1600
-11503 -5544 3572 14228
-337 -1287 20681 6056
-8366 -669 65634 9359
-9206 -7590 14168 6839
-18343 -563 580 663
-1318 -12649 202 11203
-13609 -3052 23834 637
-4450 -20834 3395 6077
-3845 -745 44243 22806
-2034 -1366 2073 4157
-3376 -1863 13767 5727
-8792 -3493 5186 11182
-2148 -3226 101 15194
-27109 -44777 14082 8956
-473 -4013 2891 2645
-29714 -27097 1609 2968
-3708 -2108 27850 3096
-11907 -34049 4077 328
-8814 -18608 2186 30708
-6252 -34930 5143 11387
-937 -5834 1542 1243
-5793 -351 6963 20806
-12491 -20067 178 34228
-3543 -10755 23933 3084
-1936 -573 19133 1994
-26895 -16120 13218 6322
-1569 -14703 12438 23426
-15153 -3186 5287 24280
-9927 -15967 7611 10047
-1889 -4809 19080 1488
-6873 -6397 6936 5594
-3770 -3842 13759 3559
-6830 -2508 1033 49086
-9322 -4571 1773 8671
-18062 -10740 11637 6379
-13933 -3940 1426 310
-33228 -25063 3397 3119
-8341 -4945 4839 1438
-17032 -5439 493 2891
-3016 -10364 2035 478
-13459 -281 10173 12277
-3950 -11626 526 2056
-14119 -3312 7987 4989
-5432 -6537 21525 12249
-2687 -11771 5049 1983
-711 -800 30768 3969
-3961 -4143 13237 2234
-31157 -12563 7411 18338
-11161 -4035 3456 8256
-301 -1440 5562 4539
-5130 -8634 15807 23569
-8949 -6871 560 6075
-773 -1042 5998 5779
-8617 -15877 7029 22634
-4981 -5597 13717 12352
-9877 -4882 4889 3440
-2231 -10026 4994 5796
-28210 -2708 7854 21644
-4882 -3097 492 15368
-3300 -14410 10467 3615
-12435 -8878 4744 2222
-1061 -27298 3148 11988
-10664 -10854 11067 3223
-4402 -8868 4459 19880
-1871 -13998 2237 9501
-13446 -2749 29073 5563
-18518 -28770 1676 5905
-297 -1283 33613 28352
-12564 -2576 19651 3517
-2607 -2336 4733 20873
-9743 -4395 1576 9260
-7415 -10115 3809 8551
-1040 -23855 18786 1329
-779 -9264 11429 34990
-12759 -1739 10358 7805
-9524 -45116 5283 26160
-5367 -3439 2751 3631
-2357 -5384 1153 33832
-4469 -5038 7588 1339
-8676 -6450 55657 984
-8188 -4378 23050 2135
-23465 -5954 11447 8632
-946 -5197 968 8875
-40197 -11371 3122 4738
-15530 -21433 8392 63315
-15779 -1905 1093 5702
-2976 -31379 25662 18306
-13395 -173 9080 3787
-10354 -2053 6584 8702
-15881 -39524 11756 1425
-2359 -8429 16068 2017
-12891 -4303 2485 10498
-2298 -672 4901 4389
-13021 -4411 7082 3103
-1599 -15726 10494 2207
-5385 -519 16356 4980
-3691 -10479 17266 21238
-17724 -11140 1345 229
-599 -7463 6845 20751
-8191 -16001 28078 7352
-235 -4137 1890 2798
-5195 -6727 6459 6312
-11656 -4150 13133 13948
-20461 -1228 7345 24407
-2260 -25168 3277 6206
-5278 -9882 3147 3848
-1612 -1843 4358 16000
-15513 -22984 7157 2258
-9222 -8437 6933 11178
-9103 -432 5480 1720
-7529 -6688 7188 20807
-2861 -2104 1997 2505
-3317 -470 8091 7050
-2017 -13249 7390 8605
-20738 -24384 2405 40394
-11622 -16548 4821 6638
-3669 -1129 12020 25497
-24065 -13948 51150 9914
-5362 -23274 26406 11379
-11649 -19426 25475 931
-16665 -12712 6195 26357
-19049 -1757 4272 2302
-11434 -2149 18832 26571
-16130 -12377 8140 7483
-7287 -9872 17916 8416
-3383 -24744 920 5048
-2488 -15661 17863 27120
-23860 -4661 5943 5105
-30602 -2830 9638 1095
-10240 -4178 3161 4400
-3904 -1308 4272 29097
-1482 -414 2822 6873
-3843 -18226 2529 3190
-759 -6170 2329 21469
-15684 -4837 1263 9853
-2994 -1365 712 5011
-32236 -14130 1363 5506
-3691 -8706 1072 2836
-1527 -13274 9357 5569
-2308 -2787 1683 3940
-2287 -4110 2865 9714
-19623 -4949 5220 9133
-4490 -27182 7779 3997
-10489 -11337 801 11556
-36800 -15340 465 799
-20268 -1433 9556 26038
-21847 -11664 416 4253
-8096 -1436 3956 1328
-3807 -13826 22533 26623
-16776 -8921 6411 5047
-1386 -3271 2128 2011
-29583 -6548 950 3938
-9545 -2978 4268 5464
-14378 -6423 5826 2018
-9995 -22282 34185 3952
-6685 -5965 1843 5933
-9887 -1295 65621 12107
-17166 -8624 3721 50358
-909 -15844 3257 2527
-6911 -14770 2072 7795
-1989 -21370 16915 545
-6531 -7125 11220 23087
-2044 -5580 25249 33659
-3527 -4517 4144 8798
-5200 -10969 1987 7557
-2997 -2494 5809 3661
-36665 -7863 6626 7881
-585 -35775 2804 645
-21438 -27428 1512 14543
-1447 -1055 8041 5907
-4834 -2957 20402 11681
-4055 -1158 14532 7610
-9692 -23096 1446 9626
-9386 -10322 12234 370
-13103 -563 12387 1783
-8519 -10610 8924 3253
-6598 -811 16259 10233
-7139 -3656 18097 6884
-21506 -1281 16910 9289
-10653 -4433 5496 6705
-981 -13661 8335 16516
-6072 -8594 18585 1949
-25651 -5732 44212 37003
-3583 -7015 13242 1665
-12299 -8713 2867 7701
-12851 -12978 6982 16558
-16781 -9260 15683 34997
-5460 -6444 1884 29195
-1112 -15736 11852 3156
-2954 -4948 9475 3183
-2406 -6223 6896 14403
-26542 -8744 11880 1693
-37563 -1232 176 1283
-2119 -7550 28911 9458
-3656 -4646 7563 11972
-1666 -3897 21030 11960
-27540 -8085 10663 6570
-7186 -15893 2851 20262
-10539 -5266 16205 2577
-26652 -13513 14162 3914
-10600 -38276 7575 2168
-7317 -4415 4058 45069
-7081 -24037 11013 3971
-1335 -3510 25267 4583
-2283 -3686 1223 31366
-24196 -28120 2520 6415
-1919 -4605 21904 5253
-10190 -6747 505 1613
-39310 -7141 10654 3311
-27173 -5509 6229 2758
-8307 -30311 3333 5547
-21246 -12316 9902 714
-12112 -6161 935 1109
-15663 -25401 14972 16186
-10743 -127 4903 8038
-20897 -12934 5094 6814
-8691 -2164 2175 9008
-20082 -10895 5047 9149
-4191 -12757 23706 5671
-1622 -3659 13422 16396
-2415 -21431 14487 7688
-3257 -1840 13332 8282
-29820 -8104 29656 9784
-16831 -2729 24090 2737
-2748 -126 4154 15716
-9759 -1600 2828 25232
-9856 -18555 17576 27960
-4556 -2253 7911 19231
-29960 -774 145 3335
-2559 -3059 2266 8618
-1719 -5375 22582 14363
-22239 -7891 5994 11895
-15692 -51928 1552 6231
-2780 -25337 19935 7739
-2323 -12843 3251 15366
-8721 -9072 31488 9256
-20900 -18166 2116 3498
-6648 -3248 2633 11708
-1492 -3803 971 5243
-7064 -842 633 7449
-15576 -11171 16008 36079
-9869 -74 15105 44920
-826 -5015 825 5765
-345 -4583 12866 813
-29524 -46994 19984 2734
-5265 -7531 13184 2247
-10171 -3514 11697 13535
-20510 -4550 5052 5032
-8540 -9492 6482 13868
-33117 -10600 8090 10515
-4283 -3934 8084 12999
-17328 -7682 12529 4008
-2167 -14090 1965 10571
-16144 -20278 500 7714
-12957 -30343 11324 6787
-16435 -3508 10415 26311
-11062 -9331 7836 4466
-11220 -19345 4535 15233
-12095 -9979 1599 1653
-10363 -4182 3051 9775
-2460 -8419 1525 13682
-11022 -13829 7076 1817
-1916 -2136 1254 9792
-12019 -1932 4964 10496
-8537 -6614 2202 3983
-1364 -5285 6963 15170
-170 -709 19724 9794
-4595 -15474 1642 7511
-2688 -24996 3607 21246
-2585 -2673 17550 16175
-700 -5182 1769 3639
-2398 -8568 2034 3642
-14650 -3428 573 2014
-12223 -9022 2109 6922
-15416 -907 5429 28117
-631 -4091 10732 22468
-1105 -5270 3214 2429
-20716 -722 5055 1330
-4403 -11930 7008 20661
-24355 -6648 3083 4228
-799 -12729 14216 25516
-15444 -8887 7298 13299
-728 -59 31890 10314
-20115 -9913 6163 1507
-9060 -5652 1218 10242
-5760 -1492 15733 35049
-2792 -25622 2622 8663
-9896 -8787 8113 623
-18621 -18616 69 2330
-15478 -18824 2562 1176
-2422 -3699 6516 8572
-14552 -15996 23530 5108
-4610 -4939 13026 14350
-13658 -14559 5134 11602
-19418 -1343 30952 32517
-15473 -9011 9364 8969
-1532 -10884 8589 27639
-8975 -3848 8195 9343
-28643 -11914 4240 1361
-23396 -35664 28777 28797
-3487 -4006 2521 1559
-17260 -19452 8014 1770
-21219 -5290 970 4985
-2841 -21593 7896 11519
-18417 -5525 381 3262
-1322 -7384 5548 7538
-254 -2824 13106 9831
-6719 -10581 7064 19357
-5892 -33738 1889 7429
-570 -1232 25439 9362
-4667 -22493 9939 1740
-9375 -26557 28009 3326
-6528 -19723 22427 3954
-42600 -10799 297 9206
-8254 -30974 605 66514
-7823 -9226 11634 9725
-11570 -9032 15756 2783
-7296 -1636 742 1042
-935 -3190 9966 44274
-5141 -16568 13399 11139
-7621 -1776 110 2731
-9683 -2198 38576 2843
-29233 -8264 6195 9447
-12390 -1242 1384 2712
-2370 -2268 1791 8563
-4595 -39401 14125 6970
-15794 -11204 2551 3690
-3840 -56032 4990 838
-1491 -11287 11989 5654
-2148 -1569 19285 6719
-10739 -1365 4420 10483
-10590 -27080 8748 6902
-2163 -17281 12335 268
-12663 -51428 263 15265
-6138 -7934 33402 18760
-6085 -3789 3822 4573
-4671 -4434 5759 4436
-562 -14483 2751 715
-27426 -34566 3512 16526
-319 -4443 6402 7391
-5497 -8843 6107 8736
-33544 -3858 30765 21973
-5635 -4730 6674 5077
-12290 -7299 19407 4697
-2574 -3023 1578 1764
-12560 -507 9405 2842
-12336 -11981 2181 20918
-651 -102 18652 1039
-1172 -3800 1196 15805
-16610 -731 9387 2202
-6188 -4639 3012 2714
-14701 -607 4298 5836
-3487 -13090 36293 8606
-16513 -9331 7305 48997
-1266 -4388 2658 2462
-32871 -182 1635 21908
-17107 -57234 16681 8755
-3372 -15927 7416 7718
-621 -20334 8180 3528
-2400 -5444 1471 564
-14835 -14400 7135 5673
-35375 -28864 17480 4805
-58905 -15443 26854 7199
-26951 -15320 345 8943
-16566 -4608 6652 5424
-11045 -4950 10304 11498
-2605 -3524 727 8815
-23911 -5596 6152 14121
-8485 -19898 826 2234
-13295 -29062 24134 9119
-311 -41776 12712 16882
-2083 -14393 60409 5078
-1593 -8929 29865 4784
-5987 -258 1412 1856
-228 -535 24325 7527
-591 -4250 6938 18300
-3251 -16596 13476 2917
-26393 -21459 3684 4106
-56247 -32800 3683 18221
-6452 -23797 3334 5947
-3146 -13338 5111 823
-25274 -5141 6538 1169
-18773 -14363 12924 8601
-34663 -13901 4524 12998
-7766 -31843 15664 5714
-7297 -9375 19829 20211
-2120 -22620 817 10990
-49273 -10206 2104 13388
-21900 -9535 2529 1552
-4610 -28031 19120 6109
-17139 -11477 13934 14610
-56668 -14755 869 4654
-9962 -15429 251 2557
-4586 -12787 5951 1695
-1444 -2145 6282 8248
-22583 -4670 9454 1009
-8075 -5694 8111 13299
-874 -616 13202 16796
-31743 -2041 10386 2884
-24417 -7137 22354 7226
-5806 -24659 2431 8084
-2053 -2931 11402 9235
-957 -14600 888 5164
-3830 -13041 432 2550
-14179 -497 14118 16143
-496 -16949 2332 4936
-14945 -44099 11048 7216
-13478 -8157 5283 1391
-817 -5472 4769 2180
-7357 -3700 15232 9635
-12062 -5301 8740 6866
-312 -2830 4755 2291
-11659 -5329 9042 3308
-5249 -13423 884 6226
-9178 -12511 11614 20413
-3223 -41289 5244 6909
-14480 -6512 3093 11562
-950 -1413 4441 10898
-1131 -3092 5727 2998
-5078 -14279 15397 14275
-588 -2140 1071 29920
-360 -67367 4490 8765
-10142 -2246 4377 9922
-3460 -18761 7519 4245
-14512 -14205 2377 16213
-13857 -6328 3672 2693
-1297 -1791 9409 5625
-12578 -2718 1320 589
-1104 -5995 14152 8376
-12324 -7397 6008 16109
-5367 -12410 1636 557
-6751 -17323 22630 1345
-473 -10016 852 3490
-4001 -3896 878 6427
-5132 -3124 22738 1753
-19923 -7194 7239 14020
-16523 -10525 496 22853
-15734 -10070 4990 44687
-24406 -23368 10417 7204
-1666 -3310 2488 3385
-17994 -7571 886 13823
-8607 -2044 11479 2282
-4693 -2633 4944 6279
-21240 -6325 998 10205
-46562 -9258 2231 7120
-8535 -4695 5028 27706
-9644 -3765 9609 5619
-3784 -3429 24040 4680
-28822 -1067 12697 9277
-1868 -6068 1256 25943
-2115 -1441 3168 4314
-27060 -35597 15200 17816
-5663 -1665 5961 15534
-7468 -12180 5162 5933
-2458 -14288 3351 3382
-5712 -6015 28826 4593
-679 -12598 2607 460
-7935 -8451 2365 1697
-7312 -12632 6235 360
-1551 -9867 16803 1201
-26487 -11491 7644 1234
-5247 -2338 17741 17525
-14616 -389 14421 11049
-2689 -8387 2400 23718
-24620 -2877 19555 13296
-26869 -17132 6171 9801
-53984 -33616 4813 3629
-400 -2641 59031 3755
-852 -6348 2243 345
-9061 -402 2753 8143
-4847 -59 3804 44740
-16080 -3155 939 45213
-10753 -478 5855 5815
-4047 -1583 852 2776
-3417 -1174 8947 3461
-4668 -6260 3420 534
-396 -402 14995 11383
-15888 -13403 12148 349
-1216 -7978 9712 9577
-17237 -303 1207 7755
-1806 -13093 4275 6226
-17376 -9319 15950 4856
-12283 -6149 9625 21849
-2119 -3073 25470 37658
-3377 -766 14588 2462
-674 -10822 20577 4787
-7122 -1077 17831 6706
-529 -7337 17004 759
-4783 -17065 5145 4446
-1079 -9190 6276 12063
-3465 -5004 10896 2798
-10708 -795 3533 4824
-2069 -24636 4506 1907
-734 -18802 29349 11830
-5123 -8188 3115 4865
-19914 -20091 325 4202
-33851 -2949 2519 30088
-1174 -837 12959 660
-3250 -5407 1486 5878
-2546 -3035 15542 761
-11879 -5398 10570 5211
-3017 -1065 18261 13021
-9405 -32102 12427 25647
-3816 -6086 13637 41086
-620 -4282 1804 11441
-9649 -20786 27980 4210
-26249 -2813 33663 4675
-27490 -11036 6809 4093
-35706 -272 1640 12998
-5699 -4174 27594 9616
-19648 -9071 6138 8026
-11906 -1147 31322 10988
-3277 -1044 2152 13722
-8529 -1306 4839 10504
-5901 -9214 22435 4371
-3188 -3701 1115 19650
-5066 -398 5513 713
-10861 -172 1110 2902
-13933 -3903 8277 8522
-2083 -9448 23390 4207
-4611 -323 83 7440
-1573 -13481 14124 26680
-7194 -1904 1231 9893
-11372 -919 33778 3168
-22706 -11707 5520 1493
-1318 -17366 1761 6950
-14003 -13991 3449 4229
-27814 -1257 2866 4379
-8966 -14284 6502 4408
-10086 -13139 48210 7956
-4855 -2260 5104 13453
-8013 -16318 18820 4067
-5043 -17064 444 5524
-7457 -152 680 50756
-8692 -10216 40349 7137
-18850 -49065 21025 15156
-20826 -513 11523 7426
-18961 -3790 13968 7741
-1002 -2122 8863 17794
-8249 -5733 11975 5782
-7834 -10025 2972 6084
-5002 -9384 7496 556
-1315 -7038 19767 4682
-1646 -7363 7198 3532
-15991 -2125 3003 6049
-12271 -8689 26238 16580
-2551 -3324 1703 7685
-1102 -31921 12365 24428
-4713 -42126 3414 49462
-38031 -670 6441 1986
-391 -7011 26152 6598
-10703 -11857 2235 10703
-6392 -9744 13923 6903
-8069 -18977 8832 19893
-1645 -5968 222 30116
-5294 -4888 1096 1263
-1220 -8496 3514 6038
-1539 -2602 11248 5186
-4523 -238 27276 801
-14460 -3438 20809 2114
-7846 -371 19760 3108
-4992 -138 3899 18523
-1976 -3127 5630 1591
-9499 -10229 3000 5250
-10273 -38692 2859 5787
-2684 -9977 1013 8970
-30816 -19111 28886 6655
-14994 -6780 9580 22978
-522 -11777 22124 13124
-16902 -8279 1429 3799
-6925 -4924 1629 9495
-12252 -8857 8423 2695
-4719 -2215 7289 7102
-3424 -1043 25362 3010
-37924 -975 1690 2451
-7247 -19052 10441 37022
-2684 -5639 2959 68507
-19411 -13522 23571 5593
-5213 -10525 33898 11204
-375 -22739 18285 5851
-23581 -4809 11352 1174
-23684 -9683 1359 21827
-7711 -583 3755 14580
-903 -7303 5457 14016
-954 -4069 7144 4080
-6435 -9610 50304 3127
-59236 -6470 10277 13151
-3760 -16686 6489 6261
-7799 -2365 1585 8865
